timestamps,aAcc,aJerk,aVelocity,aHeight,jerks_direction,accelerations_direction,velocities_direction,heights_direction,start_jerks,start_accelerations,start_velocities,start_heights,actual_timestamps
0.0,0.0,0.0,0.0,0.0,down,up,up,down,0.0068909338449829,-0.0010112506172319,-3.931065323961716,-78.04248077706325,27.782
0.015000000000000568,0.0,0.0298098483835135,0.0,0.05896611296296328,down,up,up,down,0.0068909338449829,-0.0010112506172319,-3.931065323961716,-78.04248077706325,27.797
0.030999999999998806,0.0,0.030945654830086003,0.0,0.1218636401769686,down,up,up,down,0.0068909338449829,-0.0010112506172319,-3.931065323961716,-78.04248077706325,27.813
0.045999999999999375,0.0,0.0924157424278023,0.0,0.1808305255381697,down,up,up,down,0.0068909338449829,-0.0010112506172319,-3.931065323961716,-78.04248077706325,27.828
0.062000000000001165,0.0,0.0860325516400717,0.0,0.24372929030874957,down,up,up,down,0.0068909338449829,-0.0010112506172319,-3.931065323961716,-78.04248077706325,27.844
0.0779999999999994,0.0,0.052459465517689596,0.0,0.30662911869673337,down,up,up,down,0.0068909338449829,-0.0010112506172319,-3.931065323961716,-78.04248077706325,27.86
0.09299999999999997,0.0,0.0186251377169164,0.0,0.36559880925408095,down,up,up,down,0.0068909338449829,-0.0010112506172319,-3.931065323961716,-78.04248077706325,27.875
0.10899999999999821,0.0,0.0835646956006769,0.0,0.4285010635736626,down,up,up,down,0.0068909338449829,-0.0010112506172319,-3.931065323961716,-78.04248077706325,27.891
0.14000000000000057,0.0,0.046959215041394296,0.0,0.5503785982163407,down,up,up,down,0.0068909338449829,-0.0010112506172319,-3.931065323961716,-78.04248077706325,27.922
0.1559999999999988,0.0,0.07769161485683071,0.0,0.613285721919766,down,up,up,down,0.0068909338449829,-0.0010112506172319,-3.931065323961716,-78.04248077706325,27.938
0.17099999999999937,0.0,0.0482102521117446,0.0,0.6722629510597926,down,up,up,down,0.0068909338449829,-0.0010112506172319,-3.931065323961716,-78.04248077706325,27.953
0.18700000000000117,0.0,0.023699324133704597,0.0,0.7351738515696127,down,up,up,down,0.0068909338449829,-0.0010112506172319,-3.931065323961716,-78.04248077706325,27.969
0.2029999999999994,0.0,0.011033089262757801,0.0,0.7980865594596054,down,up,up,down,0.0068909338449829,-0.0010112506172319,-3.931065323961716,-78.04248077706325,27.985
0.21799999999999997,0.0,0.0123595770755636,0.0,0.857068848320182,down,up,up,down,0.0068909338449829,-0.0010112506172319,-3.931065323961716,-78.04248077706325,28.0
0.2339999999999982,0.0,0.0344015980631208,0.0,0.919984995790557,down,up,up,down,0.0068909338449829,-0.0010112506172319,-3.931065323961716,-78.04248077706325,28.016
0.25,0.0,0.06654579027886451,0.0,0.9829028872769214,down,up,up,down,0.0068909338449829,-0.0010112506172319,-3.931065323961716,-78.04248077706325,28.032
0.2809999999999988,0.0,0.0,0.0,1.1048115238075553,down,up,up,down,0.0068909338449829,-0.0010112506172319,-3.931065323961716,-78.04248077706325,28.063
0.2959999999999994,0.0,0.0,0.0,1.163802085664102,down,up,up,down,0.0068909338449829,-0.0010112506172319,-3.931065323961716,-78.04248077706325,28.078
0.31200000000000117,0.0,0.11322965693681729,0.0,1.2267270114041082,down,up,up,down,0.0068909338449829,-0.0010112506172319,-3.931065323961716,-78.04248077706325,28.094
0.3279999999999994,0.0,0.0,0.0,1.289653395654497,down,up,up,down,0.0068909338449829,-0.0010112506172319,-3.931065323961716,-78.04248077706325,28.11
0.34299999999999997,0.0,0.0,0.0,1.3486480777218617,down,up,up,down,0.0068909338449829,-0.0010112506172319,-3.931065323961716,-78.04248077706325,28.125
0.3589999999999982,0.0,0.1008948685930052,0.0,1.4115768886136664,down,up,up,down,0.0068909338449829,-0.0010112506172319,-3.931065323961716,-78.04248077706325,28.141
0.375,0.0,0.023668230465621297,0.0,1.4745066819776298,down,up,up,down,0.0068909338449829,-0.0010112506172319,-3.931065323961716,-78.04248077706325,28.157
0.39000000000000057,0.0,0.0276670853776686,0.0,1.5335042035321464,down,up,up,down,0.0068909338449829,-0.0010112506172319,-3.931065323961716,-78.04248077706325,28.172
0.4059999999999988,0.0,0.0497352075449271,0.0,1.5964357885694795,down,up,up,down,0.0068909338449829,-0.0010112506172319,-3.931065323961716,-78.04248077706325,28.188
0.43700000000000117,0.0,0.0202753229096868,0.0,1.7183681420096377,down,up,up,down,0.0068909338449829,-0.0010112506172319,-3.931065323961716,-78.04248077706325,28.219
0.4529999999999994,0.0,0.0328995614486987,0.0,1.7813022338932285,down,up,up,down,0.0068909338449829,-0.0010112506172319,-3.931065323961716,-78.04248077706325,28.235
0.46799999999999997,0.0,0.0,0.0,1.8403038037885153,down,up,up,down,0.0068909338449829,-0.0010112506172319,-3.931065323961716,-78.04248077706325,28.25
0.4839999999999982,0.0,0.0568223645010039,0.0,1.9032396659588784,down,up,up,down,0.0068909338449829,-0.0010112506172319,-3.931065323961716,-78.04248077706325,28.266
0.5,0.0,0.055507261489611,0.0,1.9661762065090755,down,up,up,down,0.0068909338449829,-0.0010112506172319,-3.931065323961716,-78.04248077706325,28.282
0.5150000000000006,0.0,0.1040715978728345,0.0,2.025179737935659,down,up,up,down,0.0068909338449829,-0.0010112506172319,-3.931065323961716,-78.04248077706325,28.297
0.5459999999999994,0.0,0.0749235676221785,0.0,2.1471229199335653,down,up,up,down,0.0068909338449829,-0.0010112506172319,-3.931065323961716,-78.04248077706325,28.328
0.5620000000000012,0.0,0.1374520635071117,0.0,2.210063168717994,down,up,up,down,0.0068909338449829,-0.0010112506172319,-3.931065323961716,-78.04248077706325,28.344
0.5779999999999994,0.0,0.0878661561738525,0.0,2.2730052360357007,down,up,up,down,0.0068909338449829,-0.0010112506172319,-3.931065323961716,-78.04248077706325,28.36
0.593,0.0,0.085535376259087,0.0,2.3320154117064362,down,up,up,down,0.0068909338449829,-0.0010112506172319,-3.931065323961716,-78.04248077706325,28.375
0.6089999999999982,0.0,0.07689413569356911,0.0,2.394962024752175,down,up,up,down,0.0068909338449829,-0.0010112506172319,-3.931065323961716,-78.04248077706325,28.391
0.625,-0.010617269008390601,0.052591490182102595,0.0,2.4579114026235658,down,up,up,down,0.0068909338449829,-0.0010112506172319,-3.931065323961716,-78.04248077706325,28.407
0.6400000000000006,-0.011926086576865601,0.09414543840998,0.0,2.5169291777572624,down,up,up,down,0.0068909338449829,-0.0010112506172319,-3.931065323961716,-78.04248077706325,28.422
0.6559999999999988,-0.013208714450406901,0.0870551759413283,0.0,2.5798846832519473,down,up,up,down,0.0068909338449829,-0.0010112506172319,-3.931065323961716,-78.04248077706325,28.438
0.6709999999999994,-0.0137638369318953,0.0438990992775393,0.0,2.638908730063065,down,up,up,down,0.0068909338449829,-0.0010112506172319,-3.931065323961716,-78.04248077706325,28.453
0.7029999999999994,-0.0123265374167563,0.038024676003112205,0.0,2.7648373728959257,down,up,up,down,0.0068909338449829,-0.0010112506172319,-3.931065323961716,-78.04248077706325,28.485
0.718,-0.0108955923468059,0.0885054041517028,0.0,2.8238712177793985,down,up,up,down,0.0068909338449829,-0.0010112506172319,-3.931065323961716,-78.04248077706325,28.5
0.7339999999999982,-0.0102860223529646,0.0312071907701037,0.0,2.8868436520630354,down,up,up,down,0.0068909338449829,-0.0010112506172319,-3.931065323961716,-78.04248077706325,28.516
0.75,0.0,0.0531453418133254,0.0,2.9498189559839005,down,up,up,down,0.0068909338449829,-0.0010112506172319,-3.931065323961716,-78.04248077706325,28.532
0.7650000000000006,0.0,0.0543640267067079,0.0,3.0088607126416775,down,up,up,down,0.0068909338449829,-0.0010112506172319,-3.931065323961716,-78.04248077706325,28.547
0.7809999999999988,0.0,0.08681735692018719,0.0,3.071840881213433,down,up,up,down,0.0068909338449829,-0.0010112506172319,-3.931065323961716,-78.04248077706325,28.563
0.8120000000000012,0.0,0.0460048025896494,0.0,3.193870518437379,down,up,up,down,0.0068909338449829,-0.0010112506172319,-3.931065323961716,-78.04248077706325,28.594
0.8279999999999994,0.0,0.0945429168840551,0.0,3.2568560172841643,down,up,up,down,0.0068909338449829,-0.0010112506172319,-3.931065323961716,-78.04248077706325,28.61
0.843,0.0,0.0359659780258339,0.0,3.3159061268411563,down,up,up,down,0.0068909338449829,-0.0010112506172319,-3.931065323961716,-78.04248077706325,28.625
0.8589999999999982,0.0,0.0881713497555925,0.0,3.3788942302362273,down,up,up,down,0.0068909338449829,-0.0010112506172319,-3.931065323961716,-78.04248077706325,28.641
0.875,0.0,0.08515972449351321,0.0,3.441883967011634,down,up,up,down,0.0068909338449829,-0.0010112506172319,-3.931065323961716,-78.04248077706325,28.657
0.8900000000000006,0.0,0.0946364046059155,0.0,3.5009386215375997,down,up,up,down,0.0068909338449829,-0.0010112506172319,-3.931065323961716,-78.04248077706325,28.672
0.9059999999999988,0.0,0.023201009353492397,0.0,3.5639324130709866,down,up,up,down,0.0068909338449829,-0.0010112506172319,-3.931065323961716,-78.04248077706325,28.688
0.9209999999999994,0.0,0.0675039013117286,0.0,3.622991272205695,down,up,up,down,0.0068909338449829,-0.0010112506172319,-3.931065323961716,-78.04248077706325,28.703
0.9370000000000012,-0.010010744067042101,0.0625733011609889,0.0,3.685989903590169,down,up,up,down,0.0068909338449829,-0.0010112506172319,-3.931065323961716,-78.04248077706325,28.719
0.968,0.0,0.0,0.0,3.8080575664766627,down,up,up,down,0.0068909338449829,-0.0010112506172319,-3.931065323961716,-78.04248077706325,28.75
0.9839999999999982,0.0,0.0188018196445345,0.0,3.871064239573286,down,up,up,down,0.0068909338449829,-0.0010112506172319,-3.931065323961716,-78.04248077706325,28.766
1.0,0.0,0.1414636946506066,0.0,3.9340733921383304,down,up,up,down,0.0068909338449829,-0.0010112506172319,-3.931065323961716,-78.04248077706325,28.782
1.0150000000000006,0.0,0.019894702229575303,0.0,3.9931464065454065,down,up,up,down,0.0068909338449829,-0.0010112506172319,-3.931065323961716,-78.04248077706325,28.797
1.0309999999999988,0.0,0.018150138600961402,0.0,4.056159455729826,down,up,up,down,0.0068909338449829,-0.0010112506172319,-3.931065323961716,-78.04248077706325,28.813
1.0459999999999994,0.0,0.137450997462572,0.0,4.115235719080729,down,up,up,down,0.0068909338449829,-0.0010112506172319,-3.931065323961716,-78.04248077706325,28.828
1.0620000000000012,0.0,0.0215624305079914,0.0,4.178251743956622,down,up,up,down,0.0068909338449829,-0.0010112506172319,-3.931065323961716,-78.04248077706325,28.844
1.0779999999999994,0.0,0.0241629819678381,0.0,4.24126901981964,down,up,up,down,0.0068909338449829,-0.0010112506172319,-3.931065323961716,-78.04248077706325,28.86
1.093,0.0,0.0236982739209013,0.0,4.300348783097846,down,up,up,down,0.0068909338449829,-0.0010112506172319,-3.931065323961716,-78.04248077706325,28.875
1.1089999999999982,0.0,0.0,0.0,4.363368234855571,down,up,up,down,0.0068909338449829,-0.0010112506172319,-3.931065323961716,-78.04248077706325,28.891
1.125,0.0,0.0466443680163737,0.0,4.4263886544169395,down,up,up,down,0.0068909338449829,-0.0010112506172319,-3.931065323961716,-78.04248077706325,28.907
1.1400000000000006,0.0,0.046281285332252,0.0,4.485471024642848,down,up,up,down,0.0068909338449829,-0.0010112506172319,-3.931065323961716,-78.04248077706325,28.922
1.1709999999999994,0.0,0.033724156312153204,0.0,4.60757602042321,down,up,up,down,0.0068909338449829,-0.0010112506172319,-3.931065323961716,-78.04248077706325,28.953
1.1870000000000012,0.0,0.0705320471627785,0.0,4.670598566686223,down,up,up,down,0.0068909338449829,-0.0010112506172319,-3.931065323961716,-78.04248077706325,28.969
1.2029999999999994,0.0,0.0413485153902863,0.0,4.733621610404214,down,up,up,down,0.0068909338449829,-0.0010112506172319,-3.931065323961716,-78.04248077706325,28.985
1.218,0.0,0.1306584656884147,0.0,4.792706392352471,down,up,up,down,0.0068909338449829,-0.0010112506172319,-3.931065323961716,-78.04248077706325,29.0
1.2339999999999982,0.0,0.0,0.0,4.855731153105808,down,up,up,down,0.0068909338449829,-0.0010112506172319,-3.931065323961716,-78.04248077706325,29.016
1.2650000000000006,0.0,0.0,0.0,4.9778448333333785,down,up,up,down,0.0068909338449829,-0.0010112506172319,-3.931065323961716,-78.04248077706325,29.047
1.2809999999999988,0.0,0.0395458094629743,0.0,5.040872924571957,down,up,up,down,0.0068909338449829,-0.0010112506172319,-3.931065323961716,-78.04248077706325,29.063
1.2959999999999994,0.0,0.012929929434934201,0.0,5.099962843348479,down,up,up,down,0.0068909338449829,-0.0010112506172319,-3.931065323961716,-78.04248077706325,29.078
1.3120000000000012,0.0,0.014010145180651702,0.0,5.162993219479631,down,up,up,down,0.0068909338449829,-0.0010112506172319,-3.931065323961716,-78.04248077706325,29.094
1.3279999999999994,0.0,0.0807183961453281,0.0,5.226024611239225,down,up,up,down,0.0068909338449829,-0.0010112506172319,-3.931065323961716,-78.04248077706325,29.11
1.343,0.0,0.0339582009929806,0.0,5.285117249181241,down,up,up,down,0.0068909338449829,-0.0010112506172319,-3.931065323961716,-78.04248077706325,29.125
1.3589999999999982,0.0,0.029746354348052104,0.0,5.348149946039058,down,up,up,down,0.0068909338449829,-0.0010112506172319,-3.931065323961716,-78.04248077706325,29.141
1.375,0.0,0.0,0.0,5.41118309907003,down,up,up,down,0.0068909338449829,-0.0010112506172319,-3.931065323961716,-78.04248077706325,29.157
1.3900000000000006,0.0,0.16235733582803488,0.0,5.470276918340801,down,up,up,down,0.0068909338449829,-0.0010112506172319,-3.931065323961716,-78.04248077706325,29.172
1.4209999999999994,0.0,0.0722194889485215,0.0,5.592403210804363,down,up,up,down,0.0068909338449829,-0.0010112506172319,-3.931065323961716,-78.04248077706325,29.203
1.4370000000000012,0.0,0.0812081987599979,0.0,5.6554350902395925,down,up,up,down,0.0068909338449829,-0.0010112506172319,-3.931065323961716,-78.04248077706325,29.219
1.4529999999999994,0.0,0.09072844816438959,0.0,5.718465741475967,down,up,up,down,0.0068909338449829,-0.0010112506172319,-3.931065323961716,-78.04248077706325,29.235
1.468,0.0,0.0941435036192964,0.0,5.777555515732587,down,up,up,down,0.0068909338449829,-0.0010112506172319,-3.931065323961716,-78.04248077706325,29.25
1.4839999999999982,0.010139618207363098,0.07381970253784509,0.0,5.840582672980915,down,up,up,down,0.0068909338449829,-0.0010112506172319,-3.931065323961716,-78.04248077706325,29.266
1.5,0.012674084740641599,0.1515132244849049,0.0,5.9036074138089845,down,up,up,down,0.0068909338449829,-0.0010112506172319,-3.931065323961716,-78.04248077706325,29.282
1.5150000000000006,0.0151877269650419,0.160685214448365,0.0,5.962690407401979,down,up,up,down,0.0068909338449829,-0.0010112506172319,-3.931065323961716,-78.04248077706325,29.297
1.5459999999999994,0.018259230132857098,0.0921898135038995,0.0,6.084784707282125,down,up,up,down,0.0068909338449829,-0.0010112506172319,-3.931065323961716,-78.04248077706325,29.328
1.5620000000000012,0.0218783649532116,0.2193049924271464,0.0,6.147794784124969,down,up,up,down,0.0068909338449829,-0.0010112506172319,-3.931065323961716,-78.04248077706325,29.344
1.5779999999999994,0.025418791030418098,0.214385695980448,0.0,6.210799524023884,down,up,up,down,0.0068909338449829,-0.0010112506172319,-3.931065323961716,-78.04248077706325,29.36
1.593,0.028420169164624098,0.1932009417687414,0.0,6.269860836524032,down,up,up,down,0.0068909338449829,-0.0010112506172319,-3.931065323961716,-78.04248077706325,29.375
1.6089999999999982,0.0335010306762323,0.3106629106305675,0.0,6.332852627353262,down,up,up,down,0.0068909338449829,-0.0010112506172319,-3.931065323961716,-78.04248077706325,29.391
1.625,0.0384360897059625,0.3015502555131155,0.0,6.395836110130176,down,up,up,down,0.0068909338449829,-0.0010112506172319,-3.931065323961716,-78.04248077706325,29.407
1.6400000000000006,0.0430204343683317,0.2987320436462877,0.0,6.454874462192592,down,up,up,down,0.0068909338449829,-0.0010112506172319,-3.931065323961716,-78.04248077706325,29.422
1.6559999999999988,0.048287727208357605,0.3223148686566731,0.0,6.5178382240688535,down,up,up,down,0.0068909338449829,-0.0010112506172319,-3.931065323961716,-78.04248077706325,29.438
1.6709999999999994,0.0534641618394004,0.3382047082245227,0.0,6.576855783910176,down,up,up,down,0.0068909338449829,-0.0010112506172319,-3.931065323961716,-78.04248077706325,29.453
1.6870000000000012,0.058513943067076406,0.3087203928847296,0.0,6.639794826819028,down,up,up,down,0.0068909338449829,-0.0010112506172319,-3.931065323961716,-78.04248077706325,29.469
1.718,0.0635973159460565,0.1570888364447036,0.0,6.761696736635983,down,up,up,down,0.0068909338449829,-0.0010112506172319,-3.931065323961716,-78.04248077706325,29.5
1.7339999999999982,0.06856149094834399,0.3033700037980212,0.0,6.824590631650693,down,up,up,down,0.0068909338449829,-0.0010112506172319,-3.931065323961716,-78.04248077706325,29.516
1.75,0.07412598616069829,0.3408900169271256,0.0,6.887467195383394,down,up,up,down,0.0068909338449829,-0.0010112506172319,-3.931065323961716,-78.04248077706325,29.532
1.7650000000000006,0.0796542093264544,0.3616572772054081,0.0,6.946396997613945,down,up,up,down,0.0068909338449829,-0.0010112506172319,-3.931065323961716,-78.04248077706325,29.547
1.7809999999999988,0.0849912178533571,0.3266720990864704,0.0,7.009235939997609,down,up,up,down,0.0068909338449829,-0.0010112506172319,-3.931065323961716,-78.04248077706325,29.563
1.7959999999999994,0.0902966337992942,0.3468034625508132,0.0,7.0681279449307794,down,up,up,down,0.0068909338449829,-0.0010112506172319,-3.931065323961716,-78.04248077706325,29.578
1.8279999999999994,0.09718527011099799,0.2083789508957599,0.0,7.193695952672414,down,up,up,down,0.0068909338449829,-0.0010112506172319,-3.931065323961716,-78.04248077706325,29.61
1.843,0.1039626294871424,0.4449330245646287,0.010042197744998926,7.252522500369324,down,up,up,down,0.0068909338449829,-0.0010112506172319,-3.931065323961716,-78.04248077706325,29.625
1.8589999999999982,0.1108219137021961,0.4218143295959182,0.011744294080638262,7.315245253618102,down,up,up,down,0.0068909338449829,-0.0010112506172319,-3.931065323961716,-78.04248077706325,29.641
1.875,0.1187514577645067,0.48870557004937487,0.013564701042495741,7.377939826840517,down,up,up,down,0.0068909338449829,-0.0010112506172319,-3.931065323961716,-78.04248077706325,29.657
1.8900000000000006,0.1265201759492455,0.51102361180425,0.015389069536090982,7.436688653420603,down,up,up,down,0.0068909338449829,-0.0010112506172319,-3.931065323961716,-78.04248077706325,29.672
1.9059999999999988,0.1322709942377322,0.3525352091854735,0.01744321888771072,7.499323040296588,down,up,up,down,0.0068909338449829,-0.0010112506172319,-3.931065323961716,-78.04248077706325,29.688
1.9209999999999994,0.14138686895895158,0.6008340475696236,0.019480484102428086,7.558012092383592,down,up,up,down,0.0068909338449829,-0.0010112506172319,-3.931065323961716,-78.04248077706325,29.703
1.9370000000000012,0.1503066994726917,0.5505984732637125,0.021797852640005555,7.62057891087305,down,up,up,down,0.0068909338449829,-0.0010112506172319,-3.931065323961716,-78.04248077706325,29.719
1.9529999999999994,0.1590934480377672,0.5422808514722928,0.02425687381021291,7.6831075182448245,down,up,up,down,0.0068909338449829,-0.0010112506172319,-3.931065323961716,-78.04248077706325,29.735
1.9839999999999982,0.1688928600590937,0.30921913135911,0.02930931281657978,7.804140267394914,down,up,up,down,0.0068909338449829,-0.0010112506172319,-3.931065323961716,-78.04248077706325,29.766
2.0,0.17850995904896289,0.5941777530217734,0.03207235535956965,7.866546259232905,down,up,up,down,0.0068909338449829,-0.0010112506172319,-3.931065323961716,-78.04248077706325,29.782
2.0150000000000006,0.1874701581433732,0.5904556724490192,0.03480203747925259,7.925010681146048,down,up,up,down,0.0068909338449829,-0.0010112506172319,-3.931065323961716,-78.04248077706325,29.797
2.030999999999999,0.1953895138153622,0.4880687956543829,0.037848734845046916,7.98732652015083,down,up,up,down,0.0068909338449829,-0.0010112506172319,-3.931065323961716,-78.04248077706325,29.813
2.0459999999999994,0.20312756608617719,0.5089792175426664,0.04082244418505043,8.045702466167526,down,up,up,down,0.0068909338449829,-0.0010112506172319,-3.931065323961716,-78.04248077706325,29.828
2.062000000000001,0.2136324707852459,0.6496656098467323,0.04414034447014714,8.107919809041675,down,up,up,down,0.0068909338449829,-0.0010112506172319,-3.931065323961716,-78.04248077706325,29.844
2.093,0.2222580048788386,0.2713521014322146,0.050865298073805576,8.228310246625057,down,up,up,down,0.0068909338449829,-0.0010112506172319,-3.931065323961716,-78.04248077706325,29.875
2.108999999999998,0.2306841341606346,0.5197421462673238,0.05447265517624489,8.290364588182442,down,up,up,down,0.0068909338449829,-0.0010112506172319,-3.931065323961716,-78.04248077706325,29.891
2.125,0.2408613870905451,0.6291873742743492,0.05822883933638012,8.352360021409737,down,up,up,down,0.0068909338449829,-0.0010112506172319,-3.931065323961716,-78.04248077706325,29.907
2.1400000000000006,0.2501044579084279,0.6093137873471792,0.06189591441461362,8.410425065616039,down,up,up,down,0.0068909338449829,-0.0010112506172319,-3.931065323961716,-78.04248077706325,29.922
2.155999999999999,0.2600692157533703,0.6159064314639883,0.06596112379403207,8.472299254493748,down,up,up,down,0.0068909338449829,-0.0010112506172319,-3.931065323961716,-78.04248077706325,29.938
2.1709999999999994,0.2698087453442319,0.6424110388790959,0.06992003974300554,8.530246125626647,down,up,up,down,0.0068909338449829,-0.0010112506172319,-3.931065323961716,-78.04248077706325,29.953
2.187000000000001,0.2793172368762384,0.587389786905357,0.07429686759089416,8.591989435551369,down,up,up,down,0.0068909338449829,-0.0010112506172319,-3.931065323961716,-78.04248077706325,29.969
2.2029999999999994,0.2891831484650957,0.6097285404586664,0.07882869066374809,8.65366147626871,down,up,up,down,0.0068909338449829,-0.0010112506172319,-3.931065323961716,-78.04248077706325,29.985
2.218,0.2988277785861192,0.6360844075565639,0.08322360385737415,8.711412063919227,down,up,up,down,0.0068909338449829,-0.0010112506172319,-3.931065323961716,-78.04248077706325,30.0
2.233999999999998,0.3097229071714231,0.6740546027365819,0.08807582933355818,8.772938713637075,down,up,up,down,0.0068909338449829,-0.0010112506172319,-3.931065323961716,-78.04248077706325,30.016
2.25,0.3199730151673847,0.6337408159025454,0.09309721670239446,8.83438637445218,down,up,up,down,0.0068909338449829,-0.0010112506172319,-3.931065323961716,-78.04248077706325,30.032
2.280999999999999,0.329590440559718,0.3033485949399757,0.10313410149702884,8.953207814062893,down,up,up,down,0.0068909338449829,-0.0010112506172319,-3.931065323961716,-78.04248077706325,30.063
2.2959999999999994,0.3399737745226527,0.6853313303506356,0.10814066435088865,9.010589233178464,down,up,up,down,0.0068909338449829,-0.0010112506172319,-3.931065323961716,-78.04248077706325,30.078
2.312000000000001,0.3510834465513621,0.6874635679492759,0.11365294210960553,9.071711929510172,down,up,up,down,0.0068909338449829,-0.0010112506172319,-3.931065323961716,-78.04248077706325,30.094
2.3279999999999994,0.3619269998761822,0.6708311489563493,0.11934084567114889,9.132745024391312,down,up,up,down,0.0068909338449829,-0.0010112506172319,-3.931065323961716,-78.04248077706325,30.11
2.343,0.3707868691287803,0.5837670163281997,0.12482103092942776,9.189879790176235,down,up,up,down,0.0068909338449829,-0.0010112506172319,-3.931065323961716,-78.04248077706325,30.125
2.358999999999998,0.3797692094347002,0.5545053352750748,0.13080929954805987,9.250731792715797,down,up,up,down,0.0068909338449829,-0.0010112506172319,-3.931065323961716,-78.04248077706325,30.141
2.3900000000000006,0.3887072803643771,0.2814339348542503,0.14268933637081194,9.368355588901878,down,up,up,down,0.0068909338449829,-0.0010112506172319,-3.931065323961716,-78.04248077706325,30.172
2.405999999999999,0.3970914240903304,0.5171180490271566,0.1489595459965738,9.428919443026317,down,up,up,down,0.0068909338449829,-0.0010112506172319,-3.931065323961716,-78.04248077706325,30.188
2.4209999999999994,0.4052781927017221,0.5388936402477745,0.1549621493632558,9.485606010170542,down,up,up,down,0.0068909338449829,-0.0010112506172319,-3.931065323961716,-78.04248077706325,30.203
2.437000000000001,0.4137847235553415,0.5247672445061707,0.16149847268343676,9.545971370377558,down,up,up,down,0.0068909338449829,-0.0010112506172319,-3.931065323961716,-78.04248077706325,30.219
2.4529999999999994,0.4230963834291507,0.5750878082681574,0.16817734152943675,9.606231009047235,down,up,up,down,0.0068909338449829,-0.0010112506172319,-3.931065323961716,-78.04248077706325,30.235
2.468,0.4315682467337395,0.5578999531275839,0.17457215749639987,9.662626367663975,down,up,up,down,0.0068909338449829,-0.0010112506172319,-3.931065323961716,-78.04248077706325,30.25
2.483999999999998,0.4398161825523825,0.5086050548202561,0.18152705292081261,9.722674619164025,down,up,up,down,0.0068909338449829,-0.0010112506172319,-3.931065323961716,-78.04248077706325,30.266
2.5150000000000006,0.4481257098143096,0.2611583326687751,0.19525880348336333,9.838697463432581,down,up,up,down,0.0068909338449829,-0.0010112506172319,-3.931065323961716,-78.04248077706325,30.297
2.530999999999999,0.4574325147871238,0.57478437695597,0.20248708927029835,9.898412541473931,down,up,up,down,0.0068909338449829,-0.0010112506172319,-3.931065323961716,-78.04248077706325,30.313
2.5459999999999994,0.4673698325874955,0.6555969195131026,0.2094079381163496,9.954289308627963,down,up,up,down,0.0068909338449829,-0.0010112506172319,-3.931065323961716,-78.04248077706325,30.328
2.562000000000001,0.4755604001910178,0.5050195413751052,0.2169351999687028,10.01377560870668,down,up,up,down,0.0068909338449829,-0.0010112506172319,-3.931065323961716,-78.04248077706325,30.344
2.5779999999999994,0.4835602079714824,0.4930970524341101,0.22459198482412646,10.07314043641172,down,up,up,down,0.0068909338449829,-0.0010112506172319,-3.931065323961716,-78.04248077706325,30.36
2.593,0.4924007796410005,0.5824805107895366,0.23189652347196255,10.128682752458928,down,up,up,down,0.0068909338449829,-0.0010112506172319,-3.931065323961716,-78.04248077706325,30.375
2.608999999999998,0.501279968658304,0.5480583797365437,0.23982978944847932,10.187805987138944,down,up,up,down,0.0068909338449829,-0.0010112506172319,-3.931065323961716,-78.04248077706325,30.391
2.625,0.5091445823366509,0.48464742105164327,0.2478970058465637,10.246801217959984,down,up,up,down,0.0068909338449829,-0.0010112506172319,-3.931065323961716,-78.04248077706325,30.407
2.655999999999999,0.5168084706442002,0.24033126962435788,0.2637679293986319,10.360733436506493,down,up,up,down,0.0068909338449829,-0.0010112506172319,-3.931065323961716,-78.04248077706325,30.438
2.6709999999999994,0.522895272298765,0.3988958431259861,0.27155053871144696,10.415684527855092,down,up,up,down,0.0068909338449829,-0.0010112506172319,-3.931065323961716,-78.04248077706325,30.453
2.687000000000001,0.5281827133879684,0.3235741342301942,0.2799429825870665,10.474169624868097,down,up,up,down,0.0068909338449829,-0.0010112506172319,-3.931065323961716,-78.04248077706325,30.469
2.7029999999999994,0.5333301393813823,0.3148231907434206,0.288418905399344,10.532519774947588,down,up,up,down,0.0068909338449829,-0.0010112506172319,-3.931065323961716,-78.04248077706325,30.485
2.718,0.5401496849005856,0.4477454341018848,0.2964548353222005,10.587099201751599,down,up,up,down,0.0068909338449829,-0.0010112506172319,-3.931065323961716,-78.04248077706325,30.5
2.733999999999998,0.5468124815963353,0.40953385963942307,0.30513435264429933,10.64518353343125,down,up,up,down,0.0068909338449829,-0.0010112506172319,-3.931065323961716,-78.04248077706325,30.516
2.7650000000000006,0.5530756665746726,0.19514729126265398,0.32215127017181766,10.757323631320418,down,up,up,down,0.0068909338449829,-0.0010112506172319,-3.931065323961716,-78.04248077706325,30.547
2.780999999999999,0.5594083715532321,0.3889031273150315,0.33103496246696373,10.81499518664269,down,up,up,down,0.0068909338449829,-0.0010112506172319,-3.931065323961716,-78.04248077706325,30.563
2.812000000000001,0.5655667374168587,0.1917660294977959,0.3484407278868673,10.926326338485026,down,up,up,down,0.0068909338449829,-0.0010112506172319,-3.931065323961716,-78.04248077706325,30.594
2.8279999999999994,0.5707288970712483,0.31574404455440247,0.3575149129528956,10.983575738541688,down,up,up,down,0.0068909338449829,-0.0010112506172319,-3.931065323961716,-78.04248077706325,30.61
2.843,0.5763723254831472,0.3693376269482635,0.3661030033627952,11.037114584028743,down,up,up,down,0.0068909338449829,-0.0010112506172319,-3.931065323961716,-78.04248077706325,30.625
2.858999999999998,0.5818928136203976,0.3381395747332031,0.37535294446574685,11.094079981629491,down,up,up,down,0.0068909338449829,-0.0010112506172319,-3.931065323961716,-78.04248077706325,30.641
2.875,0.5870881922569744,0.3178202309410319,0.3846886125028912,11.15089669435713,down,up,up,down,0.0068909338449829,-0.0010112506172319,-3.931065323961716,-78.04248077706325,30.657
2.8900000000000006,0.5930991077783645,0.3938367675810088,0.393524848493898,11.204026073259087,down,up,up,down,0.0068909338449829,-0.0010112506172319,-3.931065323961716,-78.04248077706325,30.672
2.905999999999999,0.5989319851271837,0.3576639004562578,0.40304491722726565,11.260550560316702,down,up,up,down,0.0068909338449829,-0.0010112506172319,-3.931065323961716,-78.04248077706325,30.688
2.9209999999999994,0.6039732957477266,0.32919644085786537,0.41205153807456973,11.313403316761367,down,up,up,down,0.0068909338449829,-0.0010112506172319,-3.931065323961716,-78.04248077706325,30.703
2.9529999999999994,0.6084478133433606,0.1329377410185794,0.43141791580027533,11.42570189586614,down,up,up,down,0.0068909338449829,-0.0010112506172319,-3.931065323961716,-78.04248077706325,30.735
2.968,0.6127829713813178,0.2821196020188157,0.44056197792645246,11.478128026522612,down,up,up,down,0.0068909338449829,-0.0010112506172319,-3.931065323961716,-78.04248077706325,30.75
2.983999999999998,0.6177310029372354,0.3023610383999017,0.45038990971112414,11.53389745660489,down,up,up,down,0.0068909338449829,-0.0010112506172319,-3.931065323961716,-78.04248077706325,30.766
3.0,0.6234216589475654,0.3487750668006042,0.4603029509963279,11.589508958902627,down,up,up,down,0.0068909338449829,-0.0010112506172319,-3.931065323961716,-78.04248077706325,30.782
3.0150000000000006,0.6289716508981318,0.36310852952609507,0.4696807320609122,11.641500061139126,down,up,up,down,0.0068909338449829,-0.0010112506172319,-3.931065323961716,-78.04248077706325,30.797
3.030999999999999,0.6329639018110456,0.2426247482121555,0.47976003647270904,11.696801580174238,down,up,up,down,0.0068909338449829,-0.0010112506172319,-3.931065323961716,-78.04248077706325,30.813
3.0459999999999994,0.6366358637363732,0.237906527843514,0.48926686595505675,11.748499858265461,down,up,up,down,0.0068909338449829,-0.0010112506172319,-3.931065323961716,-78.04248077706325,30.828
3.062000000000001,0.6402191347074506,0.2170635018473337,0.49946552593273275,11.803487044313755,down,up,up,down,0.0068909338449829,-0.0010112506172319,-3.931065323961716,-78.04248077706325,30.844
3.093,0.6447470932981787,0.1391722465010897,0.5193511536976851,11.9095584108223,down,up,up,down,0.0068909338449829,-0.0010112506172319,-3.931065323961716,-78.04248077706325,30.875
3.108999999999998,0.6501128674089109,0.3284699480758194,0.5296938533734652,11.964063095949115,down,up,up,down,0.0068909338449829,-0.0010112506172319,-3.931065323961716,-78.04248077706325,30.891
3.1400000000000006,0.6520537293310618,0.05571751525665151,0.549846086853802,12.069193251918392,down,up,up,down,0.0068909338449829,-0.0010112506172319,-3.931065323961716,-78.04248077706325,30.922
3.155999999999999,0.6561514859475572,0.2492188546860124,0.5602955485661543,12.123209164018434,down,up,up,down,0.0068909338449829,-0.0010112506172319,-3.931065323961716,-78.04248077706325,30.938
3.1709999999999994,0.6601935666853702,0.2625811153425389,0.570152967701643,12.173696780005855,down,up,up,down,0.0068909338449829,-0.0010112506172319,-3.931065323961716,-78.04248077706325,30.953
3.187000000000001,0.6625690231903079,0.1415750977136033,0.5807188884107739,12.227386850340352,down,up,up,down,0.0068909338449829,-0.0010112506172319,-3.931065323961716,-78.04248077706325,30.969
3.2029999999999994,0.66466484931337,0.12409819884641521,0.5913205793809269,12.280907579781399,down,up,up,down,0.0068909338449829,-0.0010112506172319,-3.931065323961716,-78.04248077706325,30.985
3.218,0.6667132611315427,0.1296698540331935,0.601290746450005,12.330928974697073,down,up,up,down,0.0068909338449829,-0.0010112506172319,-3.931065323961716,-78.04248077706325,31.0
3.233999999999998,0.6695267031487724,0.16894919223189028,0.6119644861543709,12.384119978019626,down,up,up,down,0.0068909338449829,-0.0010112506172319,-3.931065323961716,-78.04248077706325,31.016
3.25,0.6722027165445521,0.1603599033912308,0.6226821415020427,12.437139850181794,down,up,up,down,0.0068909338449829,-0.0010112506172319,-3.931065323961716,-78.04248077706325,31.032
3.280999999999999,0.6735739589418781,0.0373426918752123,0.6435103312029473,12.539376891897675,down,up,up,down,0.0068909338449829,-0.0010112506172319,-3.931065323961716,-78.04248077706325,31.063
3.2959999999999994,0.6749097409462728,0.0821611997813243,0.6536087901928509,12.588614478346614,down,up,up,down,0.0068909338449829,-0.0010112506172319,-3.931065323961716,-78.04248077706325,31.078
3.312000000000001,0.6779676295135459,0.18422710160956948,0.6644156291466543,12.640967328175293,down,up,up,down,0.0068909338449829,-0.0010112506172319,-3.931065323961716,-78.04248077706325,31.094
3.3279999999999994,0.6814181016840504,0.2087635768115675,0.6752745349863583,12.693146852045615,down,up,up,down,0.0068909338449829,-0.0010112506172319,-3.931065323961716,-78.04248077706325,31.11
3.343,0.6827466765176577,0.08168072172883879,0.6854906020636129,12.74190709337715,down,up,up,down,0.0068909338449829,-0.0010112506172319,-3.931065323961716,-78.04248077706325,31.125
3.358999999999998,0.6846277142538977,0.11067392467002579,0.6964134171799081,12.793748906406591,down,up,up,down,0.0068909338449829,-0.0010112506172319,-3.931065323961716,-78.04248077706325,31.141
3.3900000000000006,0.6860875342761457,0.040200034614625804,0.7176281547629921,12.893694287084315,down,up,up,down,0.0068909338449829,-0.0010112506172319,-3.931065323961716,-78.04248077706325,31.172
3.405999999999999,0.6875003198102494,0.08140816203651009,0.7286006775858058,12.945021501608892,down,up,up,down,0.0068909338449829,-0.0010112506172319,-3.931065323961716,-78.04248077706325,31.188
3.4209999999999994,0.6895312895503576,0.1285070488288913,0.7389132458967524,12.9929811270422,down,up,up,down,0.0068909338449829,-0.0010112506172319,-3.931065323961716,-78.04248077706325,31.203
3.437000000000001,0.6911535542020832,0.0945006068878593,0.7499425446368977,13.043967325901306,down,up,up,down,0.0068909338449829,-0.0010112506172319,-3.931065323961716,-78.04248077706325,31.219
3.4529999999999994,0.6934485899865113,0.1365488026817843,0.7610031817805294,13.09477680527337,down,up,up,down,0.0068909338449829,-0.0010112506172319,-3.931065323961716,-78.04248077706325,31.235
3.468,0.6965711674829915,0.2012808992536932,0.7714131612022928,13.142249662560431,down,up,up,down,0.0068909338449829,-0.0010112506172319,-3.931065323961716,-78.04248077706325,31.25
3.483999999999998,0.6996531552328431,0.1857333005207619,0.7825667757741424,13.19271486824799,down,up,up,down,0.0068909338449829,-0.0010112506172319,-3.931065323961716,-78.04248077706325,31.266
3.5,0.7028237310688024,0.1912700559024483,0.7937704108546813,13.24300121593835,down,up,up,down,0.0068909338449829,-0.0010112506172319,-3.931065323961716,-78.04248077706325,31.282
3.5150000000000006,0.7063839886248022,0.2304595698883326,0.8043242999931253,13.289981485466427,down,up,up,down,0.0068909338449829,-0.0010112506172319,-3.931065323961716,-78.04248077706325,31.297
3.5459999999999994,0.7082257994455876,0.0525223184384188,0.8262194029390812,13.386571083113793,down,up,up,down,0.0068909338449829,-0.0010112506172319,-3.931065323961716,-78.04248077706325,31.328
3.562000000000001,0.7100197040291292,0.1052281026263521,0.8375491869570042,13.436157979578013,down,up,up,down,0.0068909338449829,-0.0010112506172319,-3.931065323961716,-78.04248077706325,31.344
3.5779999999999994,0.7116802570220049,0.09689362820976019,0.8489066066355369,13.48556337841265,down,up,up,down,0.0068909338449829,-0.0010112506172319,-3.931065323961716,-78.04248077706325,31.36
3.593,0.7143305147671288,0.1697929158299405,0.8595865186646972,13.53171565983233,down,up,up,down,0.0068909338449829,-0.0010112506172319,-3.931065323961716,-78.04248077706325,31.375
3.608999999999998,0.7169022171159405,0.1538404629557632,0.8710202005098848,13.580767851262308,down,up,up,down,0.0068909338449829,-0.0010112506172319,-3.931065323961716,-78.04248077706325,31.391
3.625,0.7176329317319325,0.0387787296545155,0.8824803016907934,13.629636892428096,down,up,up,down,0.0068909338449829,-0.0010112506172319,-3.931065323961716,-78.04248077706325,31.407
3.655999999999999,0.7183579786848089,0.0164976775381257,0.9047068120331176,13.723798517208195,down,up,up,down,0.0068909338449829,-0.0010112506172319,-3.931065323961716,-78.04248077706325,31.438
3.6709999999999994,0.7189833865502973,0.0348029238542401,0.915471703513123,13.769113158201009,down,up,up,down,0.0068909338449829,-0.0010112506172319,-3.931065323961716,-78.04248077706325,31.453
3.687000000000001,0.7205559383603592,0.0913935542838807,0.926971838102534,13.817270655051473,down,up,up,down,0.0068909338449829,-0.0010112506172319,-3.931065323961716,-78.04248077706325,31.469
3.7029999999999994,0.7219194601764372,0.0783291796598956,0.9384954612809513,13.865243961839795,down,up,up,down,0.0068909338449829,-0.0010112506172319,-3.931065323961716,-78.04248077706325,31.485
3.718,0.7232690652417375,0.0830827371750371,0.9493192064623295,13.910051331691136,down,up,up,down,0.0068909338449829,-0.0010112506172319,-3.931065323961716,-78.04248077706325,31.5
3.733999999999998,0.724115148825911,0.045989290165865705,0.9608821001649939,13.957666766421497,down,up,up,down,0.0068909338449829,-0.0010112506172319,-3.931065323961716,-78.04248077706325,31.516
3.75,0.7246144912732682,0.0243179691148364,0.9724557572759127,14.005097108745346,down,up,up,down,0.0068909338449829,-0.0010112506172319,-3.931065323961716,-78.04248077706325,31.532
3.780999999999999,0.7250783223259187,0.0,0.9948946471175653,14.096466202520077,down,up,up,down,0.0068909338449829,-0.0010112506172319,-3.931065323961716,-78.04248077706325,31.563
3.7959999999999994,0.726153344682869,0.06477722328502959,1.0057637158608732,14.140427244657147,down,up,up,down,0.0068909338449829,-0.0010112506172319,-3.931065323961716,-78.04248077706325,31.578
3.812000000000001,0.727204348439102,0.0587968009195732,1.0173743973959746,14.187139184934495,down,up,up,down,0.0068909338449829,-0.0010112506172319,-3.931065323961716,-78.04248077706325,31.594
3.8279999999999994,0.7278573081006883,0.0339190450041649,1.0289987106384157,14.23366524525359,down,up,up,down,0.0068909338449829,-0.0010112506172319,-3.931065323961716,-78.04248077706325,31.61
3.843,0.7277364243186231,0.0149498526493296,1.0399004948723025,14.277114481071706,down,up,up,down,0.0068909338449829,-0.0010112506172319,-3.931065323961716,-78.04248077706325,31.625
3.858999999999998,0.7295947874299102,0.1092567606104783,1.0515429645564138,14.323279978579677,down,up,up,down,0.0068909338449829,-0.0010112506172319,-3.931065323961716,-78.04248077706325,31.641
3.8900000000000006,0.7314367917370355,0.052528559933245504,1.0741576052643689,14.412194644790276,down,up,up,down,0.0068909338449829,-0.0010112506172319,-3.931065323961716,-78.04248077706325,31.672
3.905999999999999,0.7325402718937717,0.06207657595103871,1.0858532417635383,14.457811603197428,down,up,up,down,0.0068909338449829,-0.0010112506172319,-3.931065323961716,-78.04248077706325,31.688
3.9209999999999994,0.7336076806387304,0.0642696491522609,1.0968341826482741,14.500407427373773,down,up,up,down,0.0068909338449829,-0.0010112506172319,-3.931065323961716,-78.04248077706325,31.703
3.937000000000001,0.733714092983238,0.0,1.1085565768273753,14.545661346481353,down,up,up,down,0.0068909338449829,-0.0010112506172319,-3.931065323961716,-78.04248077706325,31.719
3.9529999999999994,0.7342485401764112,0.0265120157283453,1.1202840978827755,14.590727666267071,down,up,up,down,0.0068909338449829,-0.0010112506172319,-3.931065323961716,-78.04248077706325,31.735
3.968,0.7347525956636662,0.026712765305354005,1.1312864376423182,14.632806867110077,down,up,up,down,0.0068909338449829,-0.0010112506172319,-3.931065323961716,-78.04248077706325,31.75
3.983999999999998,0.7365250064072058,0.1038847376262486,1.143040478449008,14.677509296964715,down,up,up,down,0.0068909338449829,-0.0010112506172319,-3.931065323961716,-78.04248077706325,31.766
4.015000000000001,0.7376842284534515,0.030503325711328605,1.1658593728202158,14.763584374312856,down,up,up,down,0.0068909338449829,-0.0010112506172319,-3.931065323961716,-78.04248077706325,31.797
4.030999999999999,0.7387959655493237,0.0625926346470372,1.177655034362361,14.807733304238795,down,up,up,down,0.0068909338449829,-0.0010112506172319,-3.931065323961716,-78.04248077706325,31.813
4.045999999999999,0.7398684899146915,0.0646106905128647,1.188729849019083,14.848951397472831,down,up,up,down,0.0068909338449829,-0.0010112506172319,-3.931065323961716,-78.04248077706325,31.828
4.062000000000001,0.74047915743499,0.0312757861736747,1.2005564501880062,14.892734152262577,down,up,up,down,0.0068909338449829,-0.0010112506172319,-3.931065323961716,-78.04248077706325,31.844
4.077999999999999,0.7416639418000628,0.06715808897207169,1.2123974149720094,14.936327566524668,down,up,up,down,0.0068909338449829,-0.0010112506172319,-3.931065323961716,-78.04248077706325,31.86
4.093,0.7428246767034352,0.07049139304650939,1.2235159108515274,14.97702419644044,down,up,up,down,0.0068909338449829,-0.0010112506172319,-3.931065323961716,-78.04248077706325,31.875
4.108999999999998,0.7449743320356728,0.1274625244198783,1.2354021229115633,15.020249897353708,down,up,up,down,0.0068909338449829,-0.0010112506172319,-3.931065323961716,-78.04248077706325,31.891
4.140000000000001,0.7470705832502276,0.060730073076134906,1.2584974703293623,15.103457478701316,down,up,up,down,0.0068909338449829,-0.0010112506172319,-3.931065323961716,-78.04248077706325,31.922
4.155999999999999,0.7481963527728084,0.06346966131632549,1.2704434258076698,15.14612299671559,down,up,up,down,0.0068909338449829,-0.0010112506172319,-3.931065323961716,-78.04248077706325,31.938
4.170999999999999,0.7494657331567893,0.0777344250870768,1.2816607226928838,15.185948195461279,down,up,up,down,0.0068909338449829,-0.0010112506172319,-3.931065323961716,-78.04248077706325,31.953
4.187000000000001,0.7513316295142065,0.1097275884935781,1.2936509215843772,15.228242747490427,down,up,up,down,0.0068909338449829,-0.0010112506172319,-3.931065323961716,-78.04248077706325,31.969
4.202999999999999,0.7531159361244537,0.1046282292954793,1.3056703220996093,15.270345222724359,down,up,up,down,0.0068909338449829,-0.0010112506172319,-3.931065323961716,-78.04248077706325,31.985
4.218,0.7537466257815435,0.0351550432943347,1.3169566225546463,15.30964150049887,down,up,up,down,0.0068909338449829,-0.0010112506172319,-3.931065323961716,-78.04248077706325,32.0
4.2499999999999964,0.7535156667514276,0.0141084035361068,1.34104045921542,15.392907637557329,down,up,up,down,0.0068909338449829,-0.0010112506172319,-3.931065323961716,-78.04248077706325,32.032
4.264999999999997,0.7546936622274725,0.0716420978913416,1.3523368604235038,15.431673287519459,down,up,up,down,0.0068909338449829,-0.0010112506172319,-3.931065323961716,-78.04248077706325,32.047
4.281000000000002,0.7568951809379261,0.130703985558321,1.3644133911589553,15.4728363306902,down,up,up,down,0.0068909338449829,-0.0010112506172319,-3.931065323961716,-78.04248077706325,32.063
4.296000000000003,0.7590535659101203,0.1370013976346268,1.3757678380010576,15.511250951330908,down,up,up,down,0.0068909338449829,-0.0010112506172319,-3.931065323961716,-78.04248077706325,32.078
4.312000000000001,0.7606064038996703,0.09016144050190089,1.3879089377496587,15.552038582308313,down,up,up,down,0.0068909338449829,-0.0010112506172319,-3.931065323961716,-78.04248077706325,32.094
4.343,0.7615666997516524,0.024086351702827802,1.4114712720871192,15.630511214098632,down,up,up,down,0.0068909338449829,-0.0010112506172319,-3.931065323961716,-78.04248077706325,32.125
4.358999999999998,0.7625018289963439,0.0515546439482437,1.4236476403072262,15.670727307982858,down,up,up,down,0.0068909338449829,-0.0010112506172319,-3.931065323961716,-78.04248077706325,32.141
4.3749999999999964,0.7619321434799033,0.0424962786225207,1.435826932077159,15.710748556587149,down,up,up,down,0.0068909338449829,-0.0010112506172319,-3.931065323961716,-78.04248077706325,32.157
4.389999999999997,0.7626567761095213,0.0414179081295467,1.4472461802148215,15.748091488104393,down,up,up,down,0.0068909338449829,-0.0010112506172319,-3.931065323961716,-78.04248077706325,32.172
4.406000000000002,0.7633554587710716,0.036776732501894005,1.4594380980839947,15.78773505906139,down,up,up,down,0.0068909338449829,-0.0010112506172319,-3.931065323961716,-78.04248077706325,32.188
4.437000000000001,0.7633574146175892,0.0,1.483070798852384,15.863989196201715,down,up,up,down,0.0068909338449829,-0.0010112506172319,-3.931065323961716,-78.04248077706325,32.219
4.452999999999999,0.764057672822398,0.036875203955571305,1.495273939542027,15.903059483477932,down,up,up,down,0.0068909338449829,-0.0010112506172319,-3.931065323961716,-78.04248077706325,32.235
4.468,0.7637122418470188,0.029919665536928798,1.5067170451427896,15.939510530952234,down,up,up,down,0.0068909338449829,-0.0010112506172319,-3.931065323961716,-78.04248077706325,32.25
4.483999999999998,0.7630721482412017,0.0468967842085542,1.5189151402536183,15.978202518652438,down,up,up,down,0.0068909338449829,-0.0010112506172319,-3.931065323961716,-78.04248077706325,32.266
4.4999999999999964,0.7628513700966391,0.020689567880151402,1.531106348390444,16.01669939192668,down,up,up,down,0.0068909338449829,-0.0010112506172319,-3.931065323961716,-78.04248077706325,32.282
4.514999999999997,0.7626281461013935,0.0217725335280188,1.542532276002671,16.05261308210315,down,up,up,down,0.0068909338449829,-0.0010112506172319,-3.931065323961716,-78.04248077706325,32.297
4.531000000000002,0.7639156383259191,0.07357733018784149,1.5547284462682178,16.09073204150839,down,up,up,down,0.0068909338449829,-0.0010112506172319,-3.931065323961716,-78.04248077706325,32.313
4.546000000000003,0.7632387085462895,0.0520195858202899,1.5661669351105014,16.126291306007474,down,up,up,down,0.0068909338449829,-0.0010112506172319,-3.931065323961716,-78.04248077706325,32.328
4.562000000000001,0.7625953186107726,0.0471028048147958,1.5783574273178802,16.164032156291427,down,up,up,down,0.0068909338449829,-0.0010112506172319,-3.931065323961716,-78.04248077706325,32.344
4.577999999999999,0.764117207451493,0.08822711870005659,1.5905549475165017,16.20157790247613,down,up,up,down,0.0068909338449829,-0.0010112506172319,-3.931065323961716,-78.04248077706325,32.36
4.608999999999998,0.7648466829730811,0.016640534593343304,1.6142225390489475,16.273766876477197,down,up,up,down,0.0068909338449829,-0.0010112506172319,-3.931065323961716,-78.04248077706325,32.391
4.6249999999999964,0.7655344573239571,0.0360949630847699,1.626449408161447,16.310738546082874,down,up,up,down,0.0068909338449829,-0.0010112506172319,-3.931065323961716,-78.04248077706325,32.407
4.639999999999997,0.7650966667392627,0.0360769728246082,1.637913972832663,16.345221800584852,down,up,up,down,0.0068909338449829,-0.0010112506172319,-3.931065323961716,-78.04248077706325,32.422
4.656000000000002,0.7657913578605022,0.036527261232474004,1.6501448970195893,16.381814374809437,down,up,up,down,0.0068909338449829,-0.0010112506172319,-3.931065323961716,-78.04248077706325,32.438
4.687000000000001,0.7664660608195106,0.014873677735934001,1.6738635382399942,16.45215526910573,down,up,up,down,0.0068909338449829,-0.0010112506172319,-3.931065323961716,-78.04248077706325,32.469
4.702999999999999,0.7674496950237639,0.0545862039208546,1.6861186842768632,16.488172456508977,down,up,up,down,0.0068909338449829,-0.0010112506172319,-3.931065323961716,-78.04248077706325,32.485
4.718,0.7672869648038549,0.0177396151722478,1.6976140404663118,16.521760440932837,down,up,up,down,0.0068909338449829,-0.0010112506172319,-3.931065323961716,-78.04248077706325,32.5
4.733999999999998,0.7671538111354383,0.0152130381210211,1.7098733866639497,16.557397586699153,down,up,up,down,0.0068909338449829,-0.0010112506172319,-3.931065323961716,-78.04248077706325,32.516
4.7499999999999964,0.7675986226897784,0.0209097883012741,1.7221352261246743,16.592838562980248,down,up,up,down,0.0068909338449829,-0.0010112506172319,-3.931065323961716,-78.04248077706325,32.532
4.764999999999997,0.7682885149220322,0.0391018816386018,1.733639210897505,16.62588623456199,down,up,up,down,0.0068909338449829,-0.0010112506172319,-3.931065323961716,-78.04248077706325,32.547
4.781000000000002,0.7689709742780533,0.0357627759063197,1.7459211068012341,16.660946797203792,down,up,up,down,0.0068909338449829,-0.0010112506172319,-3.931065323961716,-78.04248077706325,32.563
4.796000000000003,0.7693098695444203,0.015702083912815502,1.7574430443706448,16.693637545929448,down,up,up,down,0.0068909338449829,-0.0010112506172319,-3.931065323961716,-78.04248077706325,32.578
4.812000000000001,0.7698177412707956,0.0248510490534794,1.7697398852472896,16.728317127675894,down,up,up,down,0.0068909338449829,-0.0010112506172319,-3.931065323961716,-78.04248077706325,32.594
4.827999999999999,0.770328269459732,0.025017077963544104,1.7820448733232568,16.762799894790717,down,up,up,down,0.0068909338449829,-0.0010112506172319,-3.931065323961716,-78.04248077706325,32.61
4.858999999999998,0.7706305836519682,0.0,1.8058983867773528,16.82904979930197,down,up,up,down,0.0068909338449829,-0.0010112506172319,-3.931065323961716,-78.04248077706325,32.641
4.8749999999999964,0.7703981488870628,0.021418106651573197,1.8182104366277878,16.862953973898115,down,up,up,down,0.0068909338449829,-0.0010112506172319,-3.931065323961716,-78.04248077706325,32.657
4.889999999999997,0.7701723501453728,0.0219441832909851,1.8297495466112732,16.894560253883256,down,up,up,down,0.0068909338449829,-0.0010112506172319,-3.931065323961716,-78.04248077706325,32.672
4.906000000000002,0.769864397963925,0.026137945185460497,1.8420536605862758,16.928082873409068,down,up,up,down,0.0068909338449829,-0.0010112506172319,-3.931065323961716,-78.04248077706325,32.688
4.921000000000003,0.7695170909460813,0.0300447350345613,1.8535838529938427,16.95933157191665,down,up,up,down,0.0068909338449829,-0.0010112506172319,-3.931065323961716,-78.04248077706325,32.703
4.952999999999999,0.7693592644476226,0.011823011921819199,1.878173514660388,17.025417544400952,down,up,up,down,0.0068909338449829,-0.0010112506172319,-3.931065323961716,-78.04248077706325,32.735
4.968,0.7700765954101296,0.0409311303221509,1.8897041148500628,17.05612444203905,down,up,up,down,0.0068909338449829,-0.0010112506172319,-3.931065323961716,-78.04248077706325,32.75
4.983999999999998,0.7702947764725288,0.0,1.902010905815247,17.08868776705711,down,up,up,down,0.0068909338449829,-0.0010112506172319,-3.931065323961716,-78.04248077706325,32.766
4.9999999999999964,0.7705077630262149,0.0,1.91432114612136,17.121054155824993,down,up,up,down,0.0068909338449829,-0.0010112506172319,-3.931065323961716,-78.04248077706325,32.782
5.014999999999997,0.7708122832735942,0.013410415980300199,1.925865877709351,17.151218733005706,down,up,up,down,0.0068909338449829,-0.0010112506172319,-3.931065323961716,-78.04248077706325,32.797
5.031000000000002,0.7710707211304886,0.0,1.9381847617347079,17.183203373073553,down,up,up,down,0.0068909338449829,-0.0010112506172319,-3.931065323961716,-78.04248077706325,32.813
5.046000000000003,0.771296508119244,0.0,1.9497373471948196,17.213009937116013,down,up,up,down,0.0068909338449829,-0.0010112506172319,-3.931065323961716,-78.04248077706325,32.828
5.062000000000001,0.7715933565357442,0.0116620921862841,1.9620642861021826,17.244612569233027,down,up,up,down,0.0068909338449829,-0.0010112506172319,-3.931065323961716,-78.04248077706325,32.844
5.093,0.7740226904896268,0.07147467757058659,1.9859899860619403,17.30528075305729,down,up,up,down,0.0068909338449829,-0.0010112506172319,-3.931065323961716,-78.04248077706325,32.875
5.108999999999998,0.7744729902510983,0.021252801246987897,1.9983617714979895,17.336302984180193,down,up,up,down,0.0068909338449829,-0.0010112506172319,-3.931065323961716,-78.04248077706325,32.891
5.1249999999999964,0.7744286074005213,0.0,2.0107368042693254,17.367127240757426,down,up,up,down,0.0068909338449829,-0.0010112506172319,-3.931065323961716,-78.04248077706325,32.907
5.139999999999997,0.7738388363426534,0.0462090043695113,2.022333641338141,17.39584519227479,down,up,up,down,0.0068909338449829,-0.0010112506172319,-3.931065323961716,-78.04248077706325,32.922
5.156000000000002,0.7732655017173542,0.042724347926169796,2.0346942960327494,17.426286013959228,down,up,up,down,0.0068909338449829,-0.0010112506172319,-3.931065323961716,-78.04248077706325,32.938
5.171000000000003,0.7737869221228149,0.0278704265190597,2.046282020452293,17.45464467144504,down,up,up,down,0.0068909338449829,-0.0010112506172319,-3.931065323961716,-78.04248077706325,32.953
5.202999999999999,0.7738535599005978,0.0,2.0710119081449134,17.514562058954226,down,up,up,down,0.0068909338449829,-0.0010112506172319,-3.931065323961716,-78.04248077706325,32.985
5.218,0.7732968872923731,0.0440024410599597,2.0826003677396026,17.542375946744514,down,up,up,down,0.0068909338449829,-0.0010112506172319,-3.931065323961716,-78.04248077706325,33.0
5.233999999999998,0.7730834021729436,0.020233753809330297,2.094955230045448,17.57185254714564,down,up,up,down,0.0068909338449829,-0.0010112506172319,-3.931065323961716,-78.04248077706325,33.016
5.2499999999999964,0.7728894197019667,0.0190148382810408,2.10730683261057,17.601131495827772,down,up,up,down,0.0068909338449829,-0.0010112506172319,-3.931065323961716,-78.04248077706325,33.032
5.264999999999997,0.7739091198764019,0.0610890777840279,2.11889265289815,17.628400979545873,down,up,up,down,0.0068909338449829,-0.0010112506172319,-3.931065323961716,-78.04248077706325,33.047
5.281000000000002,0.7734791860052184,0.0337618007939431,2.1312555793353316,17.657296838871417,down,up,up,down,0.0068909338449829,-0.0010112506172319,-3.931065323961716,-78.04248077706325,33.063
5.312000000000001,0.773379915724794,0.0100932009554454,2.1552005466430115,17.71271979396157,down,up,up,down,0.0068909338449829,-0.0010112506172319,-3.931065323961716,-78.04248077706325,33.094
5.327999999999999,0.7732284463043317,0.016357772623877102,2.1675572335293674,17.741034776903575,down,up,up,down,0.0068909338449829,-0.0010112506172319,-3.931065323961716,-78.04248077706325,33.11
5.343,0.7749750448569124,0.10954896966038839,2.1791535909538187,17.767400425579396,down,up,up,down,0.0068909338449829,-0.0010112506172319,-3.931065323961716,-78.04248077706325,33.125
5.358999999999998,0.7754068161488661,0.0200947719021268,2.191540465831988,17.795331918308477,down,up,up,down,0.0068909338449829,-0.0010112506172319,-3.931065323961716,-78.04248077706325,33.141
5.3749999999999964,0.7747610296169842,0.0472525920876031,2.2039256285882374,17.823065234736518,down,up,up,down,0.0068909338449829,-0.0010112506172319,-3.931065323961716,-78.04248077706325,33.157
5.389999999999997,0.7734801176616113,0.09228506420317581,2.2155222684335687,17.848885355368267,down,up,up,down,0.0068909338449829,-0.0010112506172319,-3.931065323961716,-78.04248077706325,33.172
5.406000000000002,0.7722294024068574,0.0850606372670719,2.227871764584245,17.876235248287514,down,up,up,down,0.0068909338449829,-0.0010112506172319,-3.931065323961716,-78.04248077706325,33.188
5.421000000000003,0.7724844758733518,0.0101139639213056,2.239441949912089,17.90169637528824,down,up,up,down,0.0068909338449829,-0.0010112506172319,-3.931065323961716,-78.04248077706325,33.203
5.452999999999999,0.7715141108653789,0.0372148403441385,2.2641135672801544,17.955433577379907,down,up,up,down,0.0068909338449829,-0.0010112506172319,-3.931065323961716,-78.04248077706325,33.235
5.468,0.7714570663219167,0.0106939034091311,2.275670682349801,17.98035117536712,down,up,up,down,0.0068909338449829,-0.0010112506172319,-3.931065323961716,-78.04248077706325,33.25
5.483999999999998,0.7727705262990856,0.0752003147280835,2.288008323080892,18.00673878850708,down,up,up,down,0.0068909338449829,-0.0010112506172319,-3.931065323961716,-78.04248077706325,33.266
5.4999999999999964,0.7735699150637956,0.0430708639493959,2.300362866601918,18.032928864172987,down,up,up,down,0.0068909338449829,-0.0010112506172319,-3.931065323961716,-78.04248077706325,33.282
5.531000000000002,0.774335743922661,0.0178132228926074,2.3243240555470783,18.083109241922514,down,up,up,down,0.0068909338449829,-0.0010112506172319,-3.931065323961716,-78.04248077706325,33.313
5.546000000000003,0.7743364516023377,0.0,2.3359239282542577,18.107123361903433,down,up,up,down,0.0068909338449829,-0.0010112506172319,-3.931065323961716,-78.04248077706325,33.328
5.562000000000001,0.7740713540877717,0.0234595285053558,2.3482950106899017,18.132546655575254,down,up,up,down,0.0068909338449829,-0.0010112506172319,-3.931065323961716,-78.04248077706325,33.344
5.577999999999999,0.7738113030701363,0.0231441224471957,2.360661891937288,18.157772045537627,down,up,up,down,0.0068909338449829,-0.0010112506172319,-3.931065323961716,-78.04248077706325,33.36
5.593,0.7735433728801215,0.024752946512636098,2.3722518832476567,18.181241172083148,down,up,up,down,0.0068909338449829,-0.0010112506172319,-3.931065323961716,-78.04248077706325,33.375
5.608999999999998,0.7719058063940256,0.1092388392259892,2.384599296671973,18.206083407827194,down,up,up,down,0.0068909338449829,-0.0010112506172319,-3.931065323961716,-78.04248077706325,33.391
5.6249999999999964,0.773256164118834,0.0775064239555516,2.3969444124261985,18.230728103337796,down,up,up,down,0.0068909338449829,-0.0010112506172319,-3.931065323961716,-78.04248077706325,33.407
5.639999999999997,0.7745510632583663,0.0794356754571665,2.4085377978722695,18.253652966619995,down,up,up,down,0.0068909338449829,-0.0010112506172319,-3.931065323961716,-78.04248077706325,33.422
5.656000000000002,0.7737620797105471,0.0562024055836664,2.4209081230061495,18.277914444436348,down,up,up,down,0.0068909338449829,-0.0010112506172319,-3.931065323961716,-78.04248077706325,33.438
5.671000000000003,0.7745677113870144,0.0468178445861683,2.4325054276801232,18.300479822665636,down,up,up,down,0.0068909338449829,-0.0010112506172319,-3.931065323961716,-78.04248077706325,33.453
5.687000000000001,0.7753563837663648,0.0424010898644244,2.444888640431473,18.324357715304117,down,up,up,down,0.0068909338449829,-0.0010112506172319,-3.931065323961716,-78.04248077706325,33.469
5.702999999999999,0.7754038843241862,0.0,2.4572785425663204,18.348037423023513,down,up,up,down,0.0068909338449829,-0.0010112506172319,-3.931065323961716,-78.04248077706325,33.485
5.733999999999998,0.7761855154170085,0.018322972375094303,2.481296829493174,18.393352529799387,down,up,up,down,0.0068909338449829,-0.0010112506172319,-3.931065323961716,-78.04248077706325,33.516
5.7499999999999964,0.7756875405672528,0.0380143619547224,2.493695633931171,18.4164496352754,down,up,up,down,0.0068909338449829,-0.0010112506172319,-3.931065323961716,-78.04248077706325,33.532
5.764999999999997,0.7739402140215095,0.1233793702278636,2.505302673331329,18.43792312783036,down,up,up,down,0.0068909338449829,-0.0010112506172319,-3.931065323961716,-78.04248077706325,33.547
5.781000000000002,0.7733760195229706,0.042153090003648495,2.517665023189813,18.46063643144157,down,up,up,down,0.0068909338449829,-0.0010112506172319,-3.931065323961716,-78.04248077706325,33.563
5.796000000000003,0.7728106503222527,0.0445822138928431,2.529246254454394,18.481750576718667,down,up,up,down,0.0068909338449829,-0.0010112506172319,-3.931065323961716,-78.04248077706325,33.578
5.812000000000001,0.7722014088015516,0.044968528888804295,2.541590170917507,18.50408093049907,down,up,up,down,0.0068909338449829,-0.0010112506172319,-3.931065323961716,-78.04248077706325,33.594
5.827999999999999,0.7716089372027248,0.0439204087716622,2.5539244736756643,18.526213858525708,down,up,up,down,0.0068909338449829,-0.0010112506172319,-3.931065323961716,-78.04248077706325,33.61
5.858999999999998,0.7710532031132438,0.0248178399572759,2.577804388081427,18.56853508621127,down,up,up,down,0.0068909338449829,-0.0010112506172319,-3.931065323961716,-78.04248077706325,33.641
5.8749999999999964,0.7713373588545096,0.010868799984133702,2.5901273325672918,18.590088677629467,down,up,up,down,0.0068909338449829,-0.0010112506172319,-3.931065323961716,-78.04248077706325,33.657
5.889999999999997,0.7706549697433811,0.0523835412535478,2.601677106272518,18.61011612419759,down,up,up,down,0.0068909338449829,-0.0010112506172319,-3.931065323961716,-78.04248077706325,33.672
5.906000000000002,0.7699881631755332,0.0485663443354627,2.6139860713259977,18.63128786396021,down,up,up,down,0.0068909338449829,-0.0010112506172319,-3.931065323961716,-78.04248077706325,33.688
5.921000000000003,0.7704921424356481,0.026707683496010305,2.6255245048588236,18.65095751449823,down,up,up,down,0.0068909338449829,-0.0010112506172319,-3.931065323961716,-78.04248077706325,33.703
5.937000000000001,0.771169068085312,0.0354169192590173,2.637841614533114,18.671747630726514,down,up,up,down,0.0068909338449829,-0.0010112506172319,-3.931065323961716,-78.04248077706325,33.719
5.952999999999999,0.7718358356940982,0.0347820417041557,2.650169473753472,18.69234058720359,down,up,up,down,0.0068909338449829,-0.0010112506172319,-3.931065323961716,-78.04248077706325,33.735
5.968,0.7727833599499778,0.0562773498803232,2.661738948961545,18.71146725389265,down,up,up,down,0.0068909338449829,-0.0010112506172319,-3.931065323961716,-78.04248077706325,33.75
5.9999999999999964,0.772209316500609,0.024829791637761202,2.6864264717650004,18.751690697527792,down,up,up,down,0.0068909338449829,-0.0010112506172319,-3.931065323961716,-78.04248077706325,33.782
6.014999999999997,0.7716422759145267,0.044693639583798496,2.6979901899488556,18.77027355242437,down,up,up,down,0.0068909338449829,-0.0010112506172319,-3.931065323961716,-78.04248077706325,33.797
6.031000000000002,0.771962874885677,0.013146501851906101,2.710322851145386,18.78990409327899,down,up,up,down,0.0068909338449829,-0.0010112506172319,-3.931065323961716,-78.04248077706325,33.813
6.046000000000003,0.7726115089763432,0.036351338866094,2.721891990265093,18.80812846182785,down,up,up,down,0.0068909338449829,-0.0010112506172319,-3.931065323961716,-78.04248077706325,33.828
6.062000000000001,0.7732408844038687,0.0324450303753653,2.7342426294022575,18.82737643005389,down,up,up,down,0.0068909338449829,-0.0010112506172319,-3.931065323961716,-78.04248077706325,33.844
6.077999999999999,0.7737769637875527,0.026614027635267004,2.7466025921779122,18.846426713464638,down,up,up,down,0.0068909338449829,-0.0010112506172319,-3.931065323961716,-78.04248077706325,33.86
6.093,0.7728841132802202,0.0664143010004776,2.758187381496662,18.86410676852151,down,up,up,down,0.0068909338449829,-0.0010112506172319,-3.931065323961716,-78.04248077706325,33.875
6.108999999999998,0.7721224348021138,0.054495838726636596,2.7705312538714435,18.882774064621955,down,up,up,down,0.0068909338449829,-0.0010112506172319,-3.931065323961716,-78.04248077706325,33.891
6.1249999999999964,0.7713803899626708,0.0532687363101797,2.7828630964596845,18.901243955002712,down,up,up,down,0.0068909338449829,-0.0010112506172319,-3.931065323961716,-78.04248077706325,33.907
6.139999999999997,0.7697939697761864,0.11265227961060291,2.794406735398468,18.918380411123195,down,up,up,down,0.0068909338449829,-0.0010112506172319,-3.931065323961716,-78.04248077706325,33.922
6.156000000000002,0.7698578024162934,0.0,2.8067077695661364,18.936468540266873,down,up,up,down,0.0068909338449829,-0.0010112506172319,-3.931065323961716,-78.04248077706325,33.938
6.171000000000003,0.7699237677481623,0.0,2.8182409625831113,18.953247404635178,down,up,up,down,0.0068909338449829,-0.0010112506172319,-3.931065323961716,-78.04248077706325,33.953
6.187000000000001,0.7695086287833064,0.0328371191484794,2.830540241745486,18.970954200183954,down,up,up,down,0.0068909338449829,-0.0010112506172319,-3.931065323961716,-78.04248077706325,33.969
6.202999999999999,0.7693485676546654,0.0168947543850449,2.842834919307113,18.988464244078898,down,up,up,down,0.0068909338449829,-0.0010112506172319,-3.931065323961716,-78.04248077706325,33.985
6.218,0.7684892563533499,0.0641783539326845,2.854353534227915,19.004701310536817,down,up,up,down,0.0068909338449829,-0.0010112506172319,-3.931065323961716,-78.04248077706325,34.0
6.233999999999998,0.7676525688467173,0.0591839030095244,2.866626488819638,19.02183051553584,down,up,up,down,0.0068909338449829,-0.0010112506172319,-3.931065323961716,-78.04248077706325,34.016
6.264999999999997,0.767536925931747,0.0106213504569261,2.890390577219569,19.054459776055026,down,up,up,down,0.0068909338449829,-0.0010112506172319,-3.931065323961716,-78.04248077706325,34.047
6.281000000000002,0.7674282486401758,0.013683264568184899,2.9026541186062733,19.071012463671792,down,up,up,down,0.0068909338449829,-0.0010112506172319,-3.931065323961716,-78.04248077706325,34.063
6.296000000000003,0.7664308457726658,0.07338445834564261,2.9141428930551116,19.086352465943776,down,up,up,down,0.0068909338449829,-0.0010112506172319,-3.931065323961716,-78.04248077706325,34.078
6.312000000000001,0.7649881602834867,0.09705877691868911,2.926378065093684,19.102525343461977,down,up,up,down,0.0068909338449829,-0.0010112506172319,-3.931065323961716,-78.04248077706325,34.094
6.327999999999999,0.763630531085381,0.09174275872659661,2.9385908346147573,19.11850263744769,down,up,up,down,0.0068909338449829,-0.0010112506172319,-3.931065323961716,-78.04248077706325,34.11
6.343,0.7618406835337215,0.1262141039556158,2.9500166999651425,19.13330406079777,down,up,up,down,0.0068909338449829,-0.0010112506172319,-3.931065323961716,-78.04248077706325,34.125
6.358999999999998,0.7584384337905181,0.219531542795216,2.9621627528938594,19.14890367035828,down,up,up,down,0.0068909338449829,-0.0010112506172319,-3.931065323961716,-78.04248077706325,34.141
6.3749999999999964,0.7555567843938036,0.1869940211396612,2.974258534629457,19.164309345241477,down,up,up,down,0.0068909338449829,-0.0010112506172319,-3.931065323961716,-78.04248077706325,34.157
6.406000000000002,0.7517233674829242,0.1305495438733254,2.997590028214417,19.19360871756021,down,up,up,down,0.0068909338449829,-0.0010112506172319,-3.931065323961716,-78.04248077706325,34.188
6.421000000000003,0.7484473789842561,0.2252901670895192,3.0088261400536624,19.207526576157633,down,up,up,down,0.0068909338449829,-0.0010112506172319,-3.931065323961716,-78.04248077706325,34.203
6.437000000000001,0.7452332037613356,0.2077768852775328,3.02075940470575,19.222186936982936,down,up,up,down,0.0068909338449829,-0.0010112506172319,-3.931065323961716,-78.04248077706325,34.219
6.452999999999999,0.7413080206694804,0.2522148770859592,3.0326355544913195,19.236656822492748,down,up,up,down,0.0068909338449829,-0.0010112506172319,-3.931065323961716,-78.04248077706325,34.235
6.468,0.7374413815635776,0.2646668742384925,3.0437110062488095,19.25005020314663,down,up,up,down,0.0068909338449829,-0.0010112506172319,-3.931065323961716,-78.04248077706325,34.25
6.483999999999998,0.7336418012592283,0.2443647028668433,3.055463491701515,19.26415385234641,down,up,up,down,0.0068909338449829,-0.0010112506172319,-3.931065323961716,-78.04248077706325,34.266
6.4999999999999964,0.7291164694388392,0.28972417261933,3.0671493778572225,19.27806999457333,down,up,up,down,0.0068909338449829,-0.0010112506172319,-3.931065323961716,-78.04248077706325,34.282
6.531000000000002,0.7235864461922965,0.1852787805076174,3.089634924280375,19.304502862933035,down,up,up,down,0.0068909338449829,-0.0010112506172319,-3.931065323961716,-78.04248077706325,34.313
6.546000000000003,0.7182094539328983,0.3653570844715193,3.1004332247720563,19.317043331674554,down,up,up,down,0.0068909338449829,-0.0010112506172319,-3.931065323961716,-78.04248077706325,34.328
6.562000000000001,0.7119936409762335,0.3953792436365716,3.1118586695214523,19.3302420417036,down,up,up,down,0.0068909338449829,-0.0010112506172319,-3.931065323961716,-78.04248077706325,34.344
6.577999999999999,0.7063404067223029,0.3602180747156847,3.1231891618931638,19.34325870423568,down,up,up,down,0.0068909338449829,-0.0010112506172319,-3.931065323961716,-78.04248077706325,34.36
6.593,0.7008132493597987,0.3753680913452488,3.1337276455545213,19.35529780803924,down,up,up,down,0.0068909338449829,-0.0010112506172319,-3.931065323961716,-78.04248077706325,34.375
6.608999999999998,0.6957191448801066,0.3252724638257782,3.1448837246985635,19.367965962260598,down,up,up,down,0.0068909338449829,-0.0010112506172319,-3.931065323961716,-78.04248077706325,34.391
6.6249999999999964,0.6915839554616721,0.2653402724971672,3.1559659694914206,19.38045620989047,down,up,up,down,0.0068909338449829,-0.0010112506172319,-3.931065323961716,-78.04248077706325,34.407
6.639999999999997,0.6875651611321167,0.2748105558153273,3.1662944191066162,19.392005236835388,down,up,up,down,0.0068909338449829,-0.0010112506172319,-3.931065323961716,-78.04248077706325,34.422
6.656000000000002,0.6815497705210394,0.3828528470371926,3.1772311585499695,19.404154077397536,down,up,up,down,0.0068909338449829,-0.0010112506172319,-3.931065323961716,-78.04248077706325,34.438
6.671000000000003,0.676085801592242,0.37115552909813,3.187398256581561,19.415385336643467,down,up,up,down,0.0068909338449829,-0.0010112506172319,-3.931065323961716,-78.04248077706325,34.453
6.687000000000001,0.670413153942718,0.3614314119402663,3.1981540682159637,19.427197963228494,down,up,up,down,0.0068909338449829,-0.0010112506172319,-3.931065323961716,-78.04248077706325,34.469
6.718,0.6648527908381556,0.1862574856050681,3.2188193415909323,19.449597900419306,down,up,up,down,0.0068909338449829,-0.0010112506172319,-3.931065323961716,-78.04248077706325,34.5
6.733999999999998,0.658964740967118,0.3748940507848757,3.2293937018354972,19.46090924125528,down,up,up,down,0.0068909338449829,-0.0010112506172319,-3.931065323961716,-78.04248077706325,34.516
6.7499999999999964,0.6533303240276815,0.3590419925597997,3.239875882345579,19.472052129765217,down,up,up,down,0.0068909338449829,-0.0010112506172319,-3.931065323961716,-78.04248077706325,34.532
6.764999999999997,0.6478191413502206,0.3743031123423676,3.2496193345766553,19.482346895497713,down,up,up,down,0.0068909338449829,-0.0010112506172319,-3.931065323961716,-78.04248077706325,34.547
6.781000000000002,0.641984796102804,0.3715375118083955,3.2599215860664073,19.493167613315975,down,up,up,down,0.0068909338449829,-0.0010112506172319,-3.931065323961716,-78.04248077706325,34.563
6.796000000000003,0.6367284854699431,0.357311642702364,3.2694967669189445,19.503162955528012,down,up,up,down,0.0068909338449829,-0.0010112506172319,-3.931065323961716,-78.04248077706325,34.578
6.812000000000001,0.6306439107712336,0.3871768525143678,3.2796195660789973,19.513667070047433,down,up,up,down,0.0068909338449829,-0.0010112506172319,-3.931065323961716,-78.04248077706325,34.594
6.827999999999999,0.6254313481387133,0.3326760983775403,3.2896519881404,19.52400994279705,down,up,up,down,0.0068909338449829,-0.0010112506172319,-3.931065323961716,-78.04248077706325,34.61
6.843,0.6191760617374946,0.42391002725954313,3.2989713749552134,19.533561247433255,down,up,up,down,0.0068909338449829,-0.0010112506172319,-3.931065323961716,-78.04248077706325,34.625
6.8749999999999964,0.6130547951345307,0.198180515187628,3.318654708645412,19.553473320462416,down,up,up,down,0.0068909338449829,-0.0010112506172319,-3.931065323961716,-78.04248077706325,34.657
6.889999999999997,0.6067856298329701,0.424835287282335,3.3277883430734105,19.562590977433956,down,up,up,down,0.0068909338449829,-0.0010112506172319,-3.931065323961716,-78.04248077706325,34.672
6.906000000000002,0.6009218004351649,0.3733802712076902,3.337433822505683,19.572166245292706,down,up,up,down,0.0068909338449829,-0.0010112506172319,-3.931065323961716,-78.04248077706325,34.688
6.921000000000003,0.5951936585490394,0.3887670595866664,3.346389519688806,19.58100355008567,down,up,up,down,0.0068909338449829,-0.0010112506172319,-3.931065323961716,-78.04248077706325,34.703
6.937000000000001,0.5896122103179167,0.3557314482901913,3.355851786629865,19.590282664818517,down,up,up,down,0.0068909338449829,-0.0010112506172319,-3.931065323961716,-78.04248077706325,34.719
6.952999999999999,0.5826423486098058,0.4425072906019602,3.36521364309141,19.599411186564154,down,up,up,down,0.0068909338449829,-0.0010112506172319,-3.931065323961716,-78.04248077706325,34.735
6.968,0.5758474350805329,0.4598851691298231,3.3738871477098296,19.60783391049256,down,up,up,down,0.0068909338449829,-0.0010112506172319,-3.931065323961716,-78.04248077706325,34.75
6.983999999999998,0.5692441237290424,0.4195978933131848,3.3830317001704295,19.61667560489292,down,up,up,down,0.0068909338449829,-0.0010112506172319,-3.931065323961716,-78.04248077706325,34.766
7.014999999999997,0.5631319340176208,0.20405834389084782,3.400552180296368,19.633393079788476,down,up,up,down,0.0068909338449829,-0.0010112506172319,-3.931065323961716,-78.04248077706325,34.797
7.031000000000002,0.557189327073699,0.3783038678399777,3.409498570375226,19.641809718966513,down,up,up,down,0.0068909338449829,-0.0010112506172319,-3.931065323961716,-78.04248077706325,34.813
7.046000000000003,0.5499194621711769,0.4915485940130989,3.4177867175353045,19.64957105916659,down,up,up,down,0.0068909338449829,-0.0010112506172319,-3.931065323961716,-78.04248077706325,34.828
7.062000000000001,0.5432585882236065,0.4231955555681801,3.426515961928586,19.657713682914277,down,up,up,down,0.0068909338449829,-0.0010112506172319,-3.931065323961716,-78.04248077706325,34.844
7.077999999999999,0.5367526495845034,0.413512098788971,3.4351398718211748,19.66571748142765,down,up,up,down,0.0068909338449829,-0.0010112506172319,-3.931065323961716,-78.04248077706325,34.86
7.093,0.5303150201458564,0.4360662297547671,3.443127710584895,19.67309645441904,down,up,up,down,0.0068909338449829,-0.0010112506172319,-3.931065323961716,-78.04248077706325,34.875
7.108999999999998,0.5225368645183224,0.4930256605659135,3.451534345652332,19.68083620315251,down,up,up,down,0.0068909338449829,-0.0010112506172319,-3.931065323961716,-78.04248077706325,34.891
7.1249999999999964,0.5149547514692632,0.4807729994112352,3.459818098570356,19.68844242878211,down,up,up,down,0.0068909338449829,-0.0010112506172319,-3.931065323961716,-78.04248077706325,34.907
7.156000000000002,0.5071442793348417,0.2588416478585294,3.4756292847786887,19.702806019383033,down,up,up,down,0.0068909338449829,-0.0010112506172319,-3.931065323961716,-78.04248077706325,34.938
7.171000000000003,0.5005622191000948,0.4456949494947552,3.4831719147576927,19.70958099024591,down,up,up,down,0.0068909338449829,-0.0010112506172319,-3.931065323961716,-78.04248077706325,34.953
7.187000000000001,0.49404202043997,0.4144033501028326,3.4911125686641364,19.71668375956193,down,up,up,down,0.0068909338449829,-0.0010112506172319,-3.931065323961716,-78.04248077706325,34.969
7.202999999999999,0.4879915136312113,0.3850476093924387,3.4989526569268294,19.7236602829406,down,up,up,down,0.0068909338449829,-0.0010112506172319,-3.931065323961716,-78.04248077706325,34.985
7.218,0.4815503312992692,0.4363030893077753,3.5062090520045497,19.73008754998304,down,up,up,down,0.0068909338449829,-0.0010112506172319,-3.931065323961716,-78.04248077706325,35.0
7.233999999999998,0.4752760985576784,0.3990304801944498,3.513847483433529,19.73682414288291,down,up,up,down,0.0068909338449829,-0.0010112506172319,-3.931065323961716,-78.04248077706325,35.016
7.2499999999999964,0.4691205617919908,0.3916119817004994,3.5213864767064496,19.743439316385178,down,up,up,down,0.0068909338449829,-0.0010112506172319,-3.931065323961716,-78.04248077706325,35.032
7.264999999999997,0.46284569399649017,0.4252154535450125,3.528361054865605,19.749532189757815,down,up,up,down,0.0068909338449829,-0.0010112506172319,-3.931065323961716,-78.04248077706325,35.047
7.281000000000002,0.4567301569079837,0.389112001876507,3.5357014816629677,19.755916734648977,down,up,up,down,0.0068909338449829,-0.0010112506172319,-3.931065323961716,-78.04248077706325,35.063
7.312000000000001,0.4499562477558036,0.2254041323024146,3.5497237721661214,19.76795566825743,down,up,up,down,0.0068909338449829,-0.0010112506172319,-3.931065323961716,-78.04248077706325,35.094
7.327999999999999,0.4425235793050514,0.4714327120170459,3.556847430772732,19.774000143817318,down,up,up,down,0.0068909338449829,-0.0010112506172319,-3.931065323961716,-78.04248077706325,35.11
7.343,0.4352625891783077,0.4909569422945478,3.5634156582770986,19.779564150508875,down,up,up,down,0.0068909338449829,-0.0010112506172319,-3.931065323961716,-78.04248077706325,35.125
7.358999999999998,0.42795821590486577,0.46341426343515263,3.5703052447078876,19.785391428468387,down,up,up,down,0.0068909338449829,-0.0010112506172319,-3.931065323961716,-78.04248077706325,35.141
7.3749999999999964,0.4221365182770533,0.3707470355833032,3.5770898225714665,19.791109313113537,down,up,up,down,0.0068909338449829,-0.0010112506172319,-3.931065323961716,-78.04248077706325,35.157
7.389999999999997,0.4164279208009631,0.3874640989176488,3.5833638871052935,19.796371890150397,down,up,up,down,0.0068909338449829,-0.0010112506172319,-3.931065323961716,-78.04248077706325,35.172
7.421000000000003,0.4098197667890683,0.2200571922931596,3.5961393774938073,19.806952614591907,down,up,up,down,0.0068909338449829,-0.0010112506172319,-3.931065323961716,-78.04248077706325,35.203
7.437000000000001,0.4033988346642977,0.4081991916431879,3.6026289462955576,19.812259513184998,down,up,up,down,0.0068909338449829,-0.0010112506172319,-3.931065323961716,-78.04248077706325,35.219
7.452999999999999,0.396510764748692,0.4373953035703899,3.6090120430809853,19.81746343045336,down,up,up,down,0.0068909338449829,-0.0010112506172319,-3.931065323961716,-78.04248077706325,35.235
7.468,0.3885178175380587,0.5397540812205134,3.6148845886888776,19.822250185574518,down,up,up,down,0.0068909338449829,-0.0010112506172319,-3.931065323961716,-78.04248077706325,35.25
7.483999999999998,0.3796524352555046,0.5609773265046801,3.62101377070135,19.827260043882774,down,up,up,down,0.0068909338449829,-0.0010112506172319,-3.931065323961716,-78.04248077706325,35.266
7.514999999999997,0.3710071608207048,0.2857707543224061,3.632617645671396,19.83669178197181,down,up,up,down,0.0068909338449829,-0.0010112506172319,-3.931065323961716,-78.04248077706325,35.297
7.531000000000002,0.36388582520017987,0.451974410127638,3.6384806095496898,19.841420041113437,down,up,up,down,0.0068909338449829,-0.0010112506172319,-3.931065323961716,-78.04248077706325,35.313
7.546000000000003,0.3573775135546526,0.4407783768801226,3.6438749158310926,19.845768354532495,down,up,up,down,0.0068909338449829,-0.0010112506172319,-3.931065323961716,-78.04248077706325,35.328
7.562000000000001,0.3510406219360966,0.4029466600047762,3.6495260809051424,19.85031819174199,down,up,up,down,0.0068909338449829,-0.0010112506172319,-3.931065323961716,-78.04248077706325,35.344
7.577999999999999,0.3433763454753861,0.4859082126394381,3.6550652366345577,19.85477850638506,down,up,up,down,0.0068909338449829,-0.0010112506172319,-3.931065323961716,-78.04248077706325,35.36
7.593,0.3358267403184242,0.5101979443090906,3.6601440910187533,19.85888041628708,down,up,up,down,0.0068909338449829,-0.0010112506172319,-3.931065323961716,-78.04248077706325,35.375
7.608999999999998,0.328494192496123,0.465175172738858,3.6654424784713933,19.863172768914538,down,up,up,down,0.0068909338449829,-0.0010112506172319,-3.931065323961716,-78.04248077706325,35.391
7.6249999999999964,0.3218973813244971,0.419191632071648,3.670629431052082,19.867381238821736,down,up,up,down,0.0068909338449829,-0.0010112506172319,-3.931065323961716,-78.04248077706325,35.407
7.656000000000002,0.3164463688474796,0.1827300460068046,3.6804924104106154,19.875301875321867,down,up,up,down,0.0068909338449829,-0.0010112506172319,-3.931065323961716,-78.04248077706325,35.438
7.671000000000003,0.3111475117883415,0.3601480711208448,3.6851841957561255,19.879025280635076,down,up,up,down,0.0068909338449829,-0.0010112506172319,-3.931065323961716,-78.04248077706325,35.453
7.687000000000001,0.3045813801519336,0.4172741611205184,3.6900938468817714,19.882920101477353,down,up,up,down,0.0068909338449829,-0.0010112506172319,-3.931065323961716,-78.04248077706325,35.469
7.702999999999999,0.2978786677647739,0.42581045804250983,3.694897347255229,19.88673721710765,down,up,up,down,0.0068909338449829,-0.0010112506172319,-3.931065323961716,-78.04248077706325,35.485
7.718,0.2913470569429392,0.4423316553006152,3.6993013714312784,19.89024670657693,down,up,up,down,0.0068909338449829,-0.0010112506172319,-3.931065323961716,-78.04248077706325,35.5
7.733999999999998,0.2867672421521056,0.2931293582721132,3.703910105814163,19.89391805994235,down,up,up,down,0.0068909338449829,-0.0010112506172319,-3.931065323961716,-78.04248077706325,35.516
7.7499999999999964,0.280837334950549,0.3775101339423122,3.7084347624211076,19.897516346179856,down,up,up,down,0.0068909338449829,-0.0010112506172319,-3.931065323961716,-78.04248077706325,35.532
7.764999999999997,0.2750684110788714,0.391485858623475,3.71258888675707,19.90082464867045,down,up,up,down,0.0068909338449829,-0.0010112506172319,-3.931065323961716,-78.04248077706325,35.547
7.781000000000002,0.2703217374441191,0.3035580360169051,3.7169358279353797,19.904285496136296,down,up,up,down,0.0068909338449829,-0.0010112506172319,-3.931065323961716,-78.04248077706325,35.563
7.812000000000001,0.2650292876488631,0.1776151207887315,3.7252024200551865,19.91079537833525,down,up,up,down,0.0068909338449829,-0.0010112506172319,-3.931065323961716,-78.04248077706325,35.594
7.827999999999999,0.2582937042267605,0.4278648977264395,3.729372823980315,19.91405582156635,down,up,up,down,0.0068909338449829,-0.0010112506172319,-3.931065323961716,-78.04248077706325,35.61
7.843,0.2527607783400344,0.3757526596267054,3.733190563840308,19.917052576017113,down,up,up,down,0.0068909338449829,-0.0010112506172319,-3.931065323961716,-78.04248077706325,35.625
7.858999999999998,0.2455400996969227,0.4581833490395145,3.7371607908547273,19.92018681036295,down,up,up,down,0.0068909338449829,-0.0010112506172319,-3.931065323961716,-78.04248077706325,35.641
7.889999999999997,0.23848125725814728,0.2345955286441985,3.7446317731183965,19.926082050664178,down,up,up,down,0.0068909338449829,-0.0010112506172319,-3.931065323961716,-78.04248077706325,35.672
7.906000000000002,0.2334963078139046,0.318450274110045,3.7483914136290983,19.929034910353593,down,up,up,down,0.0068909338449829,-0.0010112506172319,-3.931065323961716,-78.04248077706325,35.688
7.921000000000003,0.2285664546920073,0.3355478086381244,3.7518417155886343,19.931749141743893,down,up,up,down,0.0068909338449829,-0.0010112506172319,-3.931065323961716,-78.04248077706325,35.703
7.937000000000001,0.22225614251754058,0.4012854447491987,3.7554321163564346,19.934587996271716,down,up,up,down,0.0068909338449829,-0.0010112506172319,-3.931065323961716,-78.04248077706325,35.719
7.952999999999999,0.2173448912965873,0.3138441351545955,3.7589327446170717,19.937370122567316,down,up,up,down,0.0068909338449829,-0.0010112506172319,-3.931065323961716,-78.04248077706325,35.735
7.968,0.21329059191061,0.27717755957679563,3.7621473419818674,19.939928001777247,down,up,up,down,0.0068909338449829,-0.0010112506172319,-3.931065323961716,-78.04248077706325,35.75
7.983999999999998,0.2093383164680968,0.2539081490020849,3.765512193239021,19.942603770678872,down,up,up,down,0.0068909338449829,-0.0010112506172319,-3.931065323961716,-78.04248077706325,35.766
7.9999999999999964,0.2042273129526516,0.3263286535603389,3.7688045382645106,19.94522628201024,down,up,up,down,0.0068909338449829,-0.0010112506172319,-3.931065323961716,-78.04248077706325,35.782
8.014999999999997,0.1999139611926974,0.2944477178419244,3.7718204290613424,19.947637574614717,down,up,up,down,0.0068909338449829,-0.0010112506172319,-3.931065323961716,-78.04248077706325,35.797
8.046000000000003,0.1956884283659778,0.1431984443842974,3.777920917330369,19.95247960878845,down,up,up,down,0.0068909338449829,-0.0010112506172319,-3.931065323961716,-78.04248077706325,35.828
8.062000000000001,0.1905307596967471,0.3292452256719391,3.7809944908249946,19.954905330706595,down,up,up,down,0.0068909338449829,-0.0010112506172319,-3.931065323961716,-78.04248077706325,35.844
8.078,0.1854235591163817,0.3260909701178556,3.783985945365624,19.957282532400455,down,up,up,down,0.0068909338449829,-0.0010112506172319,-3.931065323961716,-78.04248077706325,35.86
8.093,0.18115386117624319,0.291537463187534,3.78672010725856,19.95946821686519,down,up,up,down,0.0068909338449829,-0.0010112506172319,-3.931065323961716,-78.04248077706325,35.875
8.108999999999998,0.1765702615245636,0.2933659120749924,3.7895657202302906,19.961754975428676,down,up,up,down,0.0068909338449829,-0.0010112506172319,-3.931065323961716,-78.04248077706325,35.891
8.124999999999996,0.17181615209957699,0.3040227729066751,3.7923366315294076,19.96399680179799,down,up,up,down,0.0068909338449829,-0.0010112506172319,-3.931065323961716,-78.04248077706325,35.907
8.156000000000002,0.167203862835004,0.1556744585086004,3.7975600929917603,19.968216427610713,down,up,up,down,0.0068909338449829,-0.0010112506172319,-3.931065323961716,-78.04248077706325,35.938
8.171000000000003,0.1628523424642764,0.2969922918934794,3.800020345772247,19.970200554179428,down,up,up,down,0.0068909338449829,-0.0010112506172319,-3.931065323961716,-78.04248077706325,35.953
8.187000000000001,0.15863108827427289,0.2707193207202319,3.802576033208279,19.972276828330976,down,up,up,down,0.0068909338449829,-0.0010112506172319,-3.931065323961716,-78.04248077706325,35.969
8.203,0.1545057252678833,0.2647261217443581,3.8050649477067404,19.97431274566705,down,up,up,down,0.0068909338449829,-0.0010112506172319,-3.931065323961716,-78.04248077706325,35.985
8.218,0.1504602566703336,0.2765888403482879,3.8073370238120186,19.97618571074007,down,up,up,down,0.0068909338449829,-0.0010112506172319,-3.931065323961716,-78.04248077706325,36.0
8.233999999999998,0.14620161414388008,0.2730560917483541,3.809694138768656,19.978146506622835,down,up,up,down,0.0068909338449829,-0.0010112506172319,-3.931065323961716,-78.04248077706325,36.016
8.249999999999996,0.1420924086080041,0.2637162798372621,3.811984310940795,19.980070124208552,down,up,up,down,0.0068909338449829,-0.0010112506172319,-3.931065323961716,-78.04248077706325,36.032
8.264999999999997,0.1380690816820386,0.2751127289093407,3.814070353358712,19.98184069408572,down,up,up,down,0.0068909338449829,-0.0010112506172319,-3.931065323961716,-78.04248077706325,36.047
8.281000000000002,0.1337448982444086,0.2771523986967657,3.816228685188249,19.98369534696073,down,up,up,down,0.0068909338449829,-0.0010112506172319,-3.931065323961716,-78.04248077706325,36.063
8.296000000000003,0.1312126819369172,0.1757053543444067,3.8182006982803505,19.985403106444153,down,up,up,down,0.0068909338449829,-0.0010112506172319,-3.931065323961716,-78.04248077706325,36.078
8.312000000000001,0.128750800846074,0.16075850202270112,3.8202642261327386,19.987192432232234,down,up,up,down,0.0068909338449829,-0.0010112506172319,-3.931065323961716,-78.04248077706325,36.094
8.328,0.1249927934184195,0.24176639807341,3.8222779948769783,19.98894913964753,down,up,up,down,0.0068909338449829,-0.0010112506172319,-3.931065323961716,-78.04248077706325,36.11
8.343,0.1226832307133153,0.1608617808519227,3.8241203962987083,19.990567131573158,down,up,up,down,0.0068909338449829,-0.0010112506172319,-3.931065323961716,-78.04248077706325,36.125
8.374999999999996,0.1201921757882473,0.08473640025336861,3.8279740427829814,19.99392771091459,down,up,up,down,0.0068909338449829,-0.0010112506172319,-3.931065323961716,-78.04248077706325,36.157
8.389999999999997,0.1162327770419917,0.2708508502620139,3.8297320611699495,19.995460894994395,down,up,up,down,0.0068909338449829,-0.0010112506172319,-3.931065323961716,-78.04248077706325,36.172
8.406000000000002,0.1128259533046502,0.2198174174287536,3.831548351002848,19.997067696880393,down,up,up,down,0.0068909338449829,-0.0010112506172319,-3.931065323961716,-78.04248077706325,36.188
8.421000000000003,0.1094941908466128,0.2290084310474642,3.833200583324724,19.998548059732357,down,up,up,down,0.0068909338449829,-0.0010112506172319,-3.931065323961716,-78.04248077706325,36.203
8.437000000000001,0.1079677832769138,0.10229140695118201,3.834924099107836,20.00010010745629,down,up,up,down,0.0068909338449829,-0.0010112506172319,-3.931065323961716,-78.04248077706325,36.219
8.453,0.1056295099073718,0.1530330194413781,3.8366166974434344,20.001624826267275,down,up,up,down,0.0068909338449829,-0.0010112506172319,-3.931065323961716,-78.04248077706325,36.235
8.468,0.1033452969742416,0.1591717960536565,3.838168839735788,20.003029914597874,down,up,up,down,0.0068909338449829,-0.0010112506172319,-3.931065323961716,-78.04248077706325,36.25
8.499999999999996,0.0995644968278117,0.1250409384209301,3.841383036416869,20.00595117494619,down,up,up,down,0.0068909338449829,-0.0010112506172319,-3.931065323961716,-78.04248077706325,36.282
8.514999999999997,0.09752718582551789,0.1427116673312285,3.8428460552775108,20.00728543661792,down,up,up,down,0.0068909338449829,-0.0010112506172319,-3.931065323961716,-78.04248077706325,36.297
8.531000000000002,0.0961141399052997,0.0952063038585897,3.844379005873482,20.00868468131209,down,up,up,down,0.0068909338449829,-0.0010112506172319,-3.931065323961716,-78.04248077706325,36.313
8.546000000000003,0.09338919567633029,0.18855388244293642,3.845785112131086,20.009974430286476,down,up,up,down,0.0068909338449829,-0.0010112506172319,-3.931065323961716,-78.04248077706325,36.328
8.562000000000001,0.0908399459443937,0.1662190420910378,3.8472427652541756,20.011327252450798,down,up,up,down,0.0068909338449829,-0.0010112506172319,-3.931065323961716,-78.04248077706325,36.344
8.578,0.0883286302912526,0.16384816216631962,3.848659933854185,20.012657076041307,down,up,up,down,0.0068909338449829,-0.0010112506172319,-3.931065323961716,-78.04248077706325,36.36
8.593,0.0865383684399265,0.1262417239333874,3.8499562675854104,20.013883434389953,down,up,up,down,0.0068909338449829,-0.0010112506172319,-3.931065323961716,-78.04248077706325,36.375
8.608999999999998,0.0828859290935976,0.23516839299056191,3.8512954819558027,20.015170465576986,down,up,up,down,0.0068909338449829,-0.0010112506172319,-3.931065323961716,-78.04248077706325,36.391
8.639999999999997,0.083322948875553,0.0,3.8538403707951905,20.017603884902172,down,up,up,down,0.0068909338449829,-0.0010112506172319,-3.931065323961716,-78.04248077706325,36.422
8.656000000000002,0.0812818524529052,0.1344594602604294,3.8551410291959427,20.01882907888563,down,up,up,down,0.0068909338449829,-0.0010112506172319,-3.931065323961716,-78.04248077706325,36.438
8.671000000000003,0.07927699290448749,0.14054823707282252,3.856330051776865,20.019959025637746,down,up,up,down,0.0068909338449829,-0.0010112506172319,-3.931065323961716,-78.04248077706325,36.453
8.687000000000001,0.07752403456369969,0.11645083014423331,3.8580682799867345,20.02114088416704,down,up,up,down,0.0068909338449829,-0.0010112506172319,-3.931065323961716,-78.04248077706325,36.469
8.718,0.0754584374944737,0.0735230973684062,3.860908159534502,20.023359774397278,down,up,up,down,0.0068909338449829,-0.0010112506172319,-3.931065323961716,-78.04248077706325,36.5
8.733999999999998,0.0730735986405299,0.1559433622164871,3.8625802358137062,20.024468912417873,down,up,up,down,0.0068909338449829,-0.0010112506172319,-3.931065323961716,-78.04248077706325,36.516
8.749999999999996,0.070752422964368,0.1519644136051149,3.8642146639766692,20.025551598402956,down,up,up,down,0.0068909338449829,-0.0010112506172319,-3.931065323961716,-78.04248077706325,36.532
8.764999999999997,0.068731896674599,0.141592686496245,3.8657456276147033,20.02654287607544,down,up,up,down,0.0068909338449829,-0.0010112506172319,-3.931065323961716,-78.04248077706325,36.547
8.781000000000002,0.066850111012421,0.1245025377310688,3.867314103666324,20.027575443408594,down,up,up,down,0.0068909338449829,-0.0010112506172319,-3.931065323961716,-78.04248077706325,36.563
8.796000000000003,0.065454109658864,0.09995769074877911,3.8687912165621,20.028520633366313,down,up,up,down,0.0068909338449829,-0.0010112506172319,-3.931065323961716,-78.04248077706325,36.578
8.812000000000001,0.0644507484617875,0.0696010086622746,3.8703142754171895,20.02950483461383,down,up,up,down,0.0068909338449829,-0.0010112506172319,-3.931065323961716,-78.04248077706325,36.594
8.828,0.0634793633105914,0.0676025057947459,3.8718215363014927,20.03046479330348,down,up,up,down,0.0068909338449829,-0.0010112506172319,-3.931065323961716,-78.04248077706325,36.61
8.843,0.0622736458441632,0.0872720982735244,3.873249515110895,20.03134274027731,down,up,up,down,0.0068909338449829,-0.0010112506172319,-3.931065323961716,-78.04248077706325,36.625
8.874999999999996,0.0600256207131266,0.0771417191898848,3.87567394335606,20.033154055308614,down,up,up,down,0.0068909338449829,-0.0010112506172319,-3.931065323961716,-78.04248077706325,36.657
8.889999999999997,0.0585922157964108,0.10245126162602791,3.877048408370623,20.03397461753009,down,up,up,down,0.0068909338449829,-0.0010112506172319,-3.931065323961716,-78.04248077706325,36.672
8.906000000000002,0.0575670274402195,0.07096520610692171,3.878461502306641,20.034827583428054,down,up,up,down,0.0068909338449829,-0.0010112506172319,-3.931065323961716,-78.04248077706325,36.688
8.921000000000003,0.0566506612784642,0.0679820112953324,3.8798029662127727,20.0356065797736,down,up,up,down,0.0068909338449829,-0.0010112506172319,-3.931065323961716,-78.04248077706325,36.703
8.953,0.0557873462687207,0.0338695278994689,3.882069614313776,20.03721070885193,down,up,up,down,0.0068909338449829,-0.0010112506172319,-3.931065323961716,-78.04248077706325,36.735
8.968,0.054946909168853204,0.0629200738361531,3.883384952470299,20.03793577946047,down,up,up,down,0.0068909338449829,-0.0010112506172319,-3.931065323961716,-78.04248077706325,36.75
8.983999999999998,0.053574821774207006,0.0926463960103745,3.8847369463079677,20.038687849453638,down,up,up,down,0.0068909338449829,-0.0010112506172319,-3.931065323961716,-78.04248077706325,36.766
8.999999999999996,0.0522519835399996,0.089568323482956,3.8860673807406054,20.039418460020627,down,up,up,down,0.0068909338449829,-0.0010112506172319,-3.931065323961716,-78.04248077706325,36.782
9.014999999999997,0.051057224526777606,0.08654153472644441,3.887327031041848,20.040083981791668,down,up,up,down,0.0068909338449829,-0.0010112506172319,-3.931065323961716,-78.04248077706325,36.797
9.031000000000002,0.0508679231978792,0.0187222669011348,3.88862625221377,20.04077340070903,down,up,up,down,0.0068909338449829,-0.0010112506172319,-3.931065323961716,-78.04248077706325,36.813
9.046000000000003,0.0494247768202793,0.10310069235163931,3.8898632787046474,20.04140070908656,down,up,up,down,0.0068909338449829,-0.0010112506172319,-3.931065323961716,-78.04248077706325,36.828
9.062000000000001,0.048041818832801904,0.0933258080623261,3.8911268314599963,20.04204983338863,down,up,up,down,0.0068909338449829,-0.0010112506172319,-3.931065323961716,-78.04248077706325,36.844
9.078,0.047880616528692105,0.0169660778518442,3.8923780309330125,20.042678839672874,down,up,up,down,0.0068909338449829,-0.0010112506172319,-3.931065323961716,-78.04248077706325,36.86
9.093,0.046908033319107506,0.0717298144839537,3.8935737770476124,20.04325018097245,down,up,up,down,0.0068909338449829,-0.0010112506172319,-3.931065323961716,-78.04248077706325,36.875
9.124999999999996,0.0459745193369833,0.0360632457863694,3.8955275378703584,20.044418650300557,down,up,up,down,0.0068909338449829,-0.0010112506172319,-3.931065323961716,-78.04248077706325,36.907
9.139999999999997,0.0434812469055287,0.1731090959419489,3.896683287357919,20.04494304897075,down,up,up,down,0.0068909338449829,-0.0010112506172319,-3.931065323961716,-78.04248077706325,36.922
9.156000000000002,0.0410284191883575,0.1601926661681283,3.8978431846767947,20.04548388237788,down,up,up,down,0.0068909338449829,-0.0010112506172319,-3.931065323961716,-78.04248077706325,36.938
9.171000000000003,0.039683583540662905,0.09654664369128671,3.898933355938004,20.045974038182678,down,up,up,down,0.0068909338449829,-0.0010112506172319,-3.931065323961716,-78.04248077706325,36.953
9.187000000000001,0.0383715487624236,0.0888931074849531,3.900041616986553,20.04647928358267,down,up,up,down,0.0068909338449829,-0.0010112506172319,-3.931065323961716,-78.04248077706325,36.969
9.218,0.0387100383719971,0.0,3.901705032818002,20.047415235553515,down,up,up,down,0.0068909338449829,-0.0010112506172319,-3.931065323961716,-78.04248077706325,37.0
9.233999999999998,0.039040992433362,0.0137936949903295,3.902810861054569,20.047876153585918,down,up,up,down,0.0068909338449829,-0.0010112506172319,-3.931065323961716,-78.04248077706325,37.016
9.249999999999996,0.0380180492626287,0.0708248820158255,3.903911153378261,20.048319422653847,down,up,up,down,0.0068909338449829,-0.0010112506172319,-3.931065323961716,-78.04248077706325,37.032
9.264999999999997,0.037038309943524,0.0722068884519582,3.904958907313049,20.048718877058093,down,up,up,down,0.0068909338449829,-0.0010112506172319,-3.931065323961716,-78.04248077706325,37.047
9.281000000000002,0.0360064491517703,0.071382233329565,3.9060270853759356,20.04912803429997,down,up,up,down,0.0068909338449829,-0.0010112506172319,-3.931065323961716,-78.04248077706325,37.063
9.296000000000003,0.036494069262294704,0.0256170735233084,3.9070556705047825,20.04949589349029,down,up,up,down,0.0068909338449829,-0.0010112506172319,-3.931065323961716,-78.04248077706325,37.078
9.312000000000001,0.0369657233119208,0.0225874442566531,3.9081271688355006,20.049871475958952,down,up,up,down,0.0068909338449829,-0.0010112506172319,-3.931065323961716,-78.04248077706325,37.094
9.328,0.035596309182636704,0.09247931692525181,3.9091914850855813,20.05022997191095,down,up,up,down,0.0068909338449829,-0.0010112506172319,-3.931065323961716,-78.04248077706325,37.11
9.343,0.034321978654698805,0.0918463023741734,3.9102007034851027,20.050550510356118,down,up,up,down,0.0068909338449829,-0.0010112506172319,-3.931065323961716,-78.04248077706325,37.125
9.374999999999996,0.0343204886095377,0.0,3.9117666229415793,20.05119312350007,down,up,up,down,0.0068909338449829,-0.0010112506172319,-3.931065323961716,-78.04248077706325,37.157
9.389999999999997,0.034329880912487405,0.0,3.912766331953736,20.0514751061978,down,up,up,down,0.0068909338449829,-0.0010112506172319,-3.931065323961716,-78.04248077706325,37.172
